#----it-----------t-----------dt--------------xq1--------------------xq2--------------------yq1--------------------yq2-------------------vxq1-------------------vxq2-------------------vyq1-------------------vyq2----------
        0       0.0000000  1.00E-06    -0.0000279965250000     0.0000279965250000     0.0000000000000000     0.0000000000000000    -0.0000000000000000     0.0000000000000000    -0.0484914098333317     0.0484914098333317
      100       0.0001000  1.00E-06    -0.0000275776258413     0.0000275776258413    -0.0000048249315731     0.0000048249315731     0.0083570277526352    -0.0083570277526352    -0.0477658551112836     0.0477658551112836
      200       0.0002000  1.00E-06    -0.0000263334639544     0.0000263334639544    -0.0000095054766707     0.0000095054766707     0.0164639707719571    -0.0164639707719571    -0.0456109032323723     0.0456109032323723
      300       0.0003000  1.00E-06    -0.0000243012709847     0.0000243012709847    -0.0000139015695941     0.0000139015695941     0.0240782281295159    -0.0240782281295159    -0.0420910413001361     0.0420910413001361
      400       0.0004000  1.00E-06    -0.0000215418604720     0.0000215418604720    -0.0000178816568980     0.0000178816568980     0.0309719425511199    -0.0309719425511199    -0.0373116014592073     0.0373116014592073
      500       0.0005000  1.00E-06    -0.0000181378080008     0.0000181378080008    -0.0000213266341382     0.0000213266341382     0.0369388190628800    -0.0369388190628800    -0.0314156088243289     0.0314156088243289
      600       0.0006000  1.00E-06    -0.0000141909801199     0.0000141909801199    -0.0000241334100814     0.0000241334100814     0.0418002983845064    -0.0418002983845064    -0.0245795014446296     0.0245795014446296
      700       0.0007000  1.00E-06    -0.0000098194859781     0.0000098194859781    -0.0000262179917194     0.0000262179917194     0.0454109003306756    -0.0454109003306756    -0.0170078503832445     0.0170078503832445
      800       0.0008000  1.00E-06    -0.0000051541428992     0.0000051541428992    -0.0000275179977668     0.0000275179977668     0.0476625773187483    -0.0476625773187483    -0.0089272379139835     0.0089272379139835
      900       0.0009000  1.00E-06    -0.0000003345616628     0.0000003345616628    -0.0000279945254272     0.0000279945254272     0.0484879477036421    -0.0484879477036421    -0.0005794770301767     0.0005794770301767
     1000       0.0010000  1.00E-06     0.0000044950313592    -0.0000044950313592    -0.0000276333145628     0.0000276333145628     0.0478623121818182    -0.0478623121818183     0.0077856248278231    -0.0077856248278231
