#----it-----------t-----------dt--------------xq1--------------------xq2--------------------yq1--------------------yq2-------------------vxq1-------------------vxq2-------------------vyq1-------------------vyq2----------
        0       0.0000000  1.00E-06    -0.0000139980150000     0.0000139980150000     0.0000000000000000     0.0000000000000000    -0.0000000000000000     0.0000000000000000    -0.0000879544650601     0.0000879544650601
      100       0.0001000  1.00E-06    -0.0000139980122368     0.0000139980122368    -0.0000000087954249     0.0000000087954249     0.0000000552648887    -0.0000000552648887    -0.0000879544476976     0.0000879544476976
      200       0.0002000  1.00E-06    -0.0000139980039470     0.0000139980039470    -0.0000000175908464     0.0000000175908464     0.0000001105297557    -0.0000001105297557    -0.0000879543956103     0.0000879543956103
      300       0.0003000  1.00E-06    -0.0000139979901308     0.0000139979901308    -0.0000000263862609     0.0000000263862609     0.0000001657945789    -0.0000001657945789    -0.0000879543087981     0.0000879543087981
      400       0.0004000  1.00E-06    -0.0000139979707881     0.0000139979707881    -0.0000000351816650     0.0000000351816650     0.0000002210593368    -0.0000002210593368    -0.0000879541872612     0.0000879541872612
      500       0.0005000  1.00E-06    -0.0000139979459189     0.0000139979459189    -0.0000000439770552     0.0000000439770552     0.0000002763240073    -0.0000002763240073    -0.0000879540309994     0.0000879540309994
      600       0.0006000  1.00E-06    -0.0000139979155233     0.0000139979155233    -0.0000000527724280     0.0000000527724280     0.0000003315885688    -0.0000003315885688    -0.0000879538400129     0.0000879538400129
      700       0.0007000  1.00E-06    -0.0000139978796012     0.0000139978796012    -0.0000000615677801     0.0000000615677801     0.0000003868529993    -0.0000003868529993    -0.0000879536143019     0.0000879536143019
      800       0.0008000  1.00E-06    -0.0000139978381527     0.0000139978381527    -0.0000000703631078     0.0000000703631078     0.0000004421172771    -0.0000004421172771    -0.0000879533538662     0.0000879533538662
      900       0.0009000  1.00E-06    -0.0000139977911778     0.0000139977911778    -0.0000000791584077     0.0000000791584077     0.0000004973813804    -0.0000004973813804    -0.0000879530587061     0.0000879530587061
     1000       0.0010000  1.00E-06    -0.0000139977386764     0.0000139977386764    -0.0000000879536763     0.0000000879536763     0.0000005526452873    -0.0000005526452873    -0.0000879527288217     0.0000879527288217
     1100       0.0011000  1.00E-06    -0.0000139976806487     0.0000139976806487    -0.0000000967489103     0.0000000967489103     0.0000006079089760    -0.0000006079089760    -0.0000879523642131     0.0000879523642131
     1200       0.0012000  1.00E-06    -0.0000139976170947     0.0000139976170947    -0.0000001055441060     0.0000001055441060     0.0000006631724247    -0.0000006631724247    -0.0000879519648805     0.0000879519648805
     1300       0.0013000  1.00E-06    -0.0000139975480143     0.0000139975480143    -0.0000001143392601     0.0000001143392601     0.0000007184356116    -0.0000007184356116    -0.0000879515308239     0.0000879515308239
     1400       0.0014000  1.00E-06    -0.0000139974734075     0.0000139974734075    -0.0000001231343691     0.0000001231343691     0.0000007736985149    -0.0000007736985149    -0.0000879510620437     0.0000879510620437
     1500       0.0015000  1.00E-06    -0.0000139973932746     0.0000139973932746    -0.0000001319294294     0.0000001319294294     0.0000008289611127    -0.0000008289611127    -0.0000879505585399     0.0000879505585399
     1600       0.0016000  1.00E-06    -0.0000139973076153     0.0000139973076153    -0.0000001407244376     0.0000001407244376     0.0000008842233832    -0.0000008842233832    -0.0000879500203127     0.0000879500203127
     1700       0.0017000  1.00E-06    -0.0000139972164299     0.0000139972164299    -0.0000001495193903     0.0000001495193903     0.0000009394853047    -0.0000009394853047    -0.0000879494473625     0.0000879494473625
     1800       0.0018000  1.00E-06    -0.0000139971197183     0.0000139971197183    -0.0000001583142839     0.0000001583142839     0.0000009947468552    -0.0000009947468552    -0.0000879488396893     0.0000879488396893
     1900       0.0019000  1.00E-06    -0.0000139970174805     0.0000139970174805    -0.0000001671091151     0.0000001671091151     0.0000010500080130    -0.0000010500080130    -0.0000879481972935     0.0000879481972935
     2000       0.0020000  1.00E-06    -0.0000139969097167     0.0000139969097167    -0.0000001759038802     0.0000001759038802     0.0000011052687563    -0.0000011052687563    -0.0000879475201753     0.0000879475201753
     2100       0.0021000  1.00E-06    -0.0000139967964268     0.0000139967964268    -0.0000001846985760     0.0000001846985760     0.0000011605290632    -0.0000011605290632    -0.0000879468083349     0.0000879468083349
     2200       0.0022000  1.00E-06    -0.0000139966776109     0.0000139966776109    -0.0000001934931988     0.0000001934931988     0.0000012157889119    -0.0000012157889119    -0.0000879460617727     0.0000879460617727
     2300       0.0023000  1.00E-06    -0.0000139965532690     0.0000139965532690    -0.0000002022877452     0.0000002022877452     0.0000012710482806    -0.0000012710482806    -0.0000879452804889     0.0000879452804889
     2400       0.0024000  1.00E-06    -0.0000139964234013     0.0000139964234013    -0.0000002110822117     0.0000002110822117     0.0000013263071476    -0.0000013263071476    -0.0000879444644839     0.0000879444644839
     2500       0.0025000  1.00E-06    -0.0000139962880076     0.0000139962880076    -0.0000002198765949     0.0000002198765949     0.0000013815654909    -0.0000013815654909    -0.0000879436137579     0.0000879436137579
     2600       0.0026000  1.00E-06    -0.0000139961470882     0.0000139961470882    -0.0000002286708913     0.0000002286708913     0.0000014368232887    -0.0000014368232887    -0.0000879427283113     0.0000879427283113
     2700       0.0027000  1.00E-06    -0.0000139960006430     0.0000139960006430    -0.0000002374650974     0.0000002374650974     0.0000014920805193    -0.0000014920805193    -0.0000879418081445     0.0000879418081445
     2800       0.0028000  1.00E-06    -0.0000139958486721     0.0000139958486721    -0.0000002462592098     0.0000002462592098     0.0000015473371608    -0.0000015473371608    -0.0000879408532578     0.0000879408532578
     2900       0.0029000  1.00E-06    -0.0000139956911756     0.0000139956911756    -0.0000002550532249     0.0000002550532249     0.0000016025931915    -0.0000016025931915    -0.0000879398636516     0.0000879398636516
     3000       0.0030000  1.00E-06    -0.0000139955281535     0.0000139955281535    -0.0000002638471394     0.0000002638471394     0.0000016578485894    -0.0000016578485894    -0.0000879388393263     0.0000879388393263
     3100       0.0031000  1.00E-06    -0.0000139953596059     0.0000139953596059    -0.0000002726409497     0.0000002726409497     0.0000017131033328    -0.0000017131033328    -0.0000879377802823     0.0000879377802823
     3200       0.0032000  1.00E-06    -0.0000139951855328     0.0000139951855328    -0.0000002814346523     0.0000002814346523     0.0000017683573999    -0.0000017683573999    -0.0000879366865200     0.0000879366865200
     3300       0.0033000  1.00E-06    -0.0000139950059344     0.0000139950059344    -0.0000002902282438     0.0000002902282438     0.0000018236107689    -0.0000018236107689    -0.0000879355580398     0.0000879355580398
     3400       0.0034000  1.00E-06    -0.0000139948208107     0.0000139948208107    -0.0000002990217208     0.0000002990217208     0.0000018788634178    -0.0000018788634178    -0.0000879343948422     0.0000879343948422
     3500       0.0035000  1.00E-06    -0.0000139946301618     0.0000139946301618    -0.0000003078150797     0.0000003078150797     0.0000019341153250    -0.0000019341153250    -0.0000879331969276     0.0000879331969276
     3600       0.0036000  1.00E-06    -0.0000139944339877     0.0000139944339877    -0.0000003166083170     0.0000003166083170     0.0000019893664687    -0.0000019893664687    -0.0000879319642966     0.0000879319642966
     3700       0.0037000  1.00E-06    -0.0000139942322885     0.0000139942322885    -0.0000003254014294     0.0000003254014294     0.0000020446168269    -0.0000020446168269    -0.0000879306969496     0.0000879306969496
     3800       0.0038000  1.00E-06    -0.0000139940250643     0.0000139940250643    -0.0000003341944133     0.0000003341944133     0.0000020998663779    -0.0000020998663779    -0.0000879293948870     0.0000879293948870
     3900       0.0039000  1.00E-06    -0.0000139938123152     0.0000139938123152    -0.0000003429872652     0.0000003429872652     0.0000021551150999    -0.0000021551150999    -0.0000879280581095     0.0000879280581095
     4000       0.0040000  1.00E-06    -0.0000139935940413     0.0000139935940413    -0.0000003517799817     0.0000003517799817     0.0000022103629710    -0.0000022103629710    -0.0000879266866176     0.0000879266866176
     4100       0.0041000  1.00E-06    -0.0000139933702427     0.0000139933702427    -0.0000003605725594     0.0000003605725594     0.0000022656099695    -0.0000022656099695    -0.0000879252804117     0.0000879252804117
     4200       0.0042000  1.00E-06    -0.0000139931409194     0.0000139931409194    -0.0000003693649947     0.0000003693649947     0.0000023208560735    -0.0000023208560735    -0.0000879238394924     0.0000879238394924
     4300       0.0043000  1.00E-06    -0.0000139929060715     0.0000139929060715    -0.0000003781572842     0.0000003781572842     0.0000023761012613    -0.0000023761012613    -0.0000879223638604     0.0000879223638604
     4400       0.0044000  1.00E-06    -0.0000139926656992     0.0000139926656992    -0.0000003869494243     0.0000003869494243     0.0000024313455109    -0.0000024313455109    -0.0000879208535162     0.0000879208535162
     4500       0.0045000  1.00E-06    -0.0000139924198024     0.0000139924198024    -0.0000003957414117     0.0000003957414117     0.0000024865888007    -0.0000024865888007    -0.0000879193084603     0.0000879193084603
     4600       0.0046000  1.00E-06    -0.0000139921683814     0.0000139921683814    -0.0000004045332429     0.0000004045332429     0.0000025418311088    -0.0000025418311088    -0.0000879177286935     0.0000879177286935
     4700       0.0047000  1.00E-06    -0.0000139919114362     0.0000139919114362    -0.0000004133249143     0.0000004133249143     0.0000025970724133    -0.0000025970724133    -0.0000879161142163     0.0000879161142163
     4800       0.0048000  1.00E-06    -0.0000139916489670     0.0000139916489670    -0.0000004221164226     0.0000004221164226     0.0000026523126926    -0.0000026523126926    -0.0000879144650293     0.0000879144650293
     4900       0.0049000  1.00E-06    -0.0000139913809737     0.0000139913809737    -0.0000004309077642     0.0000004309077642     0.0000027075519247    -0.0000027075519247    -0.0000879127811333     0.0000879127811333
     5000       0.0050000  1.00E-06    -0.0000139911074566     0.0000139911074566    -0.0000004396989357     0.0000004396989357     0.0000027627900878    -0.0000027627900878    -0.0000879110625288     0.0000879110625288
     5100       0.0051000  1.00E-06    -0.0000139908284158     0.0000139908284158    -0.0000004484899336     0.0000004484899336     0.0000028180271602    -0.0000028180271602    -0.0000879093092166     0.0000879093092166
     5200       0.0052000  1.00E-06    -0.0000139905438512     0.0000139905438512    -0.0000004572807544     0.0000004572807544     0.0000028732631201    -0.0000028732631201    -0.0000879075211973     0.0000879075211973
     5300       0.0053000  1.00E-06    -0.0000139902537632     0.0000139902537632    -0.0000004660713947     0.0000004660713947     0.0000029284979456    -0.0000029284979456    -0.0000879056984717     0.0000879056984717
     5400       0.0054000  1.00E-06    -0.0000139899581517     0.0000139899581517    -0.0000004748618510     0.0000004748618510     0.0000029837316149    -0.0000029837316149    -0.0000879038410404     0.0000879038410404
     5500       0.0055000  1.00E-06    -0.0000139896570169     0.0000139896570169    -0.0000004836521198     0.0000004836521198     0.0000030389641063    -0.0000030389641063    -0.0000879019489043     0.0000879019489043
     5600       0.0056000  1.00E-06    -0.0000139893503589     0.0000139893503589    -0.0000004924421976     0.0000004924421976     0.0000030941953978    -0.0000030941953978    -0.0000879000220640     0.0000879000220640
     5700       0.0057000  1.00E-06    -0.0000139890381778     0.0000139890381778    -0.0000005012320811     0.0000005012320811     0.0000031494254678    -0.0000031494254678    -0.0000878980605204     0.0000878980605204
     5800       0.0058000  1.00E-06    -0.0000139887204738     0.0000139887204738    -0.0000005100217666     0.0000005100217666     0.0000032046542944    -0.0000032046542944    -0.0000878960642741     0.0000878960642741
     5900       0.0059000  1.00E-06    -0.0000139883972470     0.0000139883972470    -0.0000005188112508     0.0000005188112508     0.0000032598818558    -0.0000032598818558    -0.0000878940333260     0.0000878940333260
     6000       0.0060000  1.00E-06    -0.0000139880684975     0.0000139880684975    -0.0000005276005301     0.0000005276005301     0.0000033151081302    -0.0000033151081302    -0.0000878919676768     0.0000878919676768
     6100       0.0061000  1.00E-06    -0.0000139877342254     0.0000139877342254    -0.0000005363896012     0.0000005363896012     0.0000033703330958    -0.0000033703330958    -0.0000878898673275     0.0000878898673275
     6200       0.0062000  1.00E-06    -0.0000139873944309     0.0000139873944309    -0.0000005451784605     0.0000005451784605     0.0000034255567307    -0.0000034255567307    -0.0000878877322788     0.0000878877322788
     6300       0.0063000  1.00E-06    -0.0000139870491141     0.0000139870491141    -0.0000005539671045     0.0000005539671045     0.0000034807790133    -0.0000034807790133    -0.0000878855625315     0.0000878855625315
     6400       0.0064000  1.00E-06    -0.0000139866982752     0.0000139866982752    -0.0000005627555299     0.0000005627555299     0.0000035359999217    -0.0000035359999217    -0.0000878833580866     0.0000878833580866
     6500       0.0065000  1.00E-06    -0.0000139863419142     0.0000139863419142    -0.0000005715437330     0.0000005715437330     0.0000035912194340    -0.0000035912194340    -0.0000878811189449     0.0000878811189449
     6600       0.0066000  1.00E-06    -0.0000139859800313     0.0000139859800313    -0.0000005803317106     0.0000005803317106     0.0000036464375286    -0.0000036464375286    -0.0000878788451072     0.0000878788451072
     6700       0.0067000  1.00E-06    -0.0000139856126268     0.0000139856126268    -0.0000005891194590     0.0000005891194590     0.0000037016541835    -0.0000037016541835    -0.0000878765365745     0.0000878765365745
     6800       0.0068000  1.00E-06    -0.0000139852397006     0.0000139852397006    -0.0000005979069748     0.0000005979069748     0.0000037568693770    -0.0000037568693770    -0.0000878741933477     0.0000878741933477
     6900       0.0069000  1.00E-06    -0.0000139848612529     0.0000139848612529    -0.0000006066942545     0.0000006066942545     0.0000038120830873    -0.0000038120830873    -0.0000878718154278     0.0000878718154278
     7000       0.0070000  1.00E-06    -0.0000139844772840     0.0000139844772840    -0.0000006154812947     0.0000006154812947     0.0000038672952926    -0.0000038672952926    -0.0000878694028155     0.0000878694028155
     7100       0.0071000  1.00E-06    -0.0000139840877939     0.0000139840877939    -0.0000006242680920     0.0000006242680920     0.0000039225059711    -0.0000039225059711    -0.0000878669555120     0.0000878669555120
     7200       0.0072000  1.00E-06    -0.0000139836927829     0.0000139836927829    -0.0000006330546427     0.0000006330546427     0.0000039777151010    -0.0000039777151010    -0.0000878644735181     0.0000878644735181
     7300       0.0073000  1.00E-06    -0.0000139832922509     0.0000139832922509    -0.0000006418409436     0.0000006418409436     0.0000040329226605    -0.0000040329226605    -0.0000878619568349     0.0000878619568349
     7400       0.0074000  1.00E-06    -0.0000139828861984     0.0000139828861984    -0.0000006506269910     0.0000006506269910     0.0000040881286278    -0.0000040881286278    -0.0000878594054633     0.0000878594054633
     7500       0.0075000  1.00E-06    -0.0000139824746253     0.0000139824746253    -0.0000006594127815     0.0000006594127815     0.0000041433329811    -0.0000041433329811    -0.0000878568194044     0.0000878568194044
     7600       0.0076000  1.00E-06    -0.0000139820575318     0.0000139820575318    -0.0000006681983118     0.0000006681983118     0.0000041985356986    -0.0000041985356986    -0.0000878541986591     0.0000878541986591
     7700       0.0077000  1.00E-06    -0.0000139816349182     0.0000139816349182    -0.0000006769835782     0.0000006769835782     0.0000042537367586    -0.0000042537367586    -0.0000878515432286     0.0000878515432286
     7800       0.0078000  1.00E-06    -0.0000139812067845     0.0000139812067845    -0.0000006857685773     0.0000006857685773     0.0000043089361391    -0.0000043089361391    -0.0000878488531138     0.0000878488531138
     7900       0.0079000  1.00E-06    -0.0000139807731310     0.0000139807731310    -0.0000006945533057     0.0000006945533057     0.0000043641338185    -0.0000043641338185    -0.0000878461283158     0.0000878461283158
     8000       0.0080000  1.00E-06    -0.0000139803339578     0.0000139803339578    -0.0000007033377599     0.0000007033377599     0.0000044193297749    -0.0000044193297749    -0.0000878433688357     0.0000878433688357
     8100       0.0081000  1.00E-06    -0.0000139798892651     0.0000139798892651    -0.0000007121219364     0.0000007121219364     0.0000044745239866    -0.0000044745239866    -0.0000878405746746     0.0000878405746746
     8200       0.0082000  1.00E-06    -0.0000139794390531     0.0000139794390531    -0.0000007209058317     0.0000007209058317     0.0000045297164318    -0.0000045297164318    -0.0000878377458335     0.0000878377458335
     8300       0.0083000  1.00E-06    -0.0000139789833219     0.0000139789833219    -0.0000007296894424     0.0000007296894424     0.0000045849070886    -0.0000045849070886    -0.0000878348823137     0.0000878348823137
     8400       0.0084000  1.00E-06    -0.0000139785220717     0.0000139785220717    -0.0000007384727651     0.0000007384727651     0.0000046400959353    -0.0000046400959353    -0.0000878319841162     0.0000878319841162
     8500       0.0085000  1.00E-06    -0.0000139780553028     0.0000139780553028    -0.0000007472557962     0.0000007472557962     0.0000046952829501    -0.0000046952829501    -0.0000878290512421     0.0000878290512421
     8600       0.0086000  1.00E-06    -0.0000139775830152     0.0000139775830152    -0.0000007560385322     0.0000007560385322     0.0000047504681112    -0.0000047504681112    -0.0000878260836927     0.0000878260836927
     8700       0.0087000  1.00E-06    -0.0000139771052092     0.0000139771052092    -0.0000007648209698     0.0000007648209698     0.0000048056513968    -0.0000048056513968    -0.0000878230814691     0.0000878230814691
     8800       0.0088000  1.00E-06    -0.0000139766218850     0.0000139766218850    -0.0000007736031054     0.0000007736031054     0.0000048608327852    -0.0000048608327852    -0.0000878200445725     0.0000878200445725
     8900       0.0089000  1.00E-06    -0.0000139761330427     0.0000139761330427    -0.0000007823849357     0.0000007823849357     0.0000049160122544    -0.0000049160122544    -0.0000878169730041     0.0000878169730041
     9000       0.0090000  1.00E-06    -0.0000139756386826     0.0000139756386826    -0.0000007911664570     0.0000007911664570     0.0000049711897829    -0.0000049711897829    -0.0000878138667651     0.0000878138667651
     9100       0.0091000  1.00E-06    -0.0000139751388048     0.0000139751388048    -0.0000007999476659     0.0000007999476659     0.0000050263653487    -0.0000050263653487    -0.0000878107258567     0.0000878107258567
     9200       0.0092000  1.00E-06    -0.0000139746334096     0.0000139746334096    -0.0000008087285591     0.0000008087285591     0.0000050815389301    -0.0000050815389301    -0.0000878075502802     0.0000878075502802
     9300       0.0093000  1.00E-06    -0.0000139741224971     0.0000139741224971    -0.0000008175091329     0.0000008175091329     0.0000051367105054    -0.0000051367105054    -0.0000878043400368     0.0000878043400368
     9400       0.0094000  1.00E-06    -0.0000139736060676     0.0000139736060676    -0.0000008262893840     0.0000008262893840     0.0000051918800526    -0.0000051918800526    -0.0000878010951278     0.0000878010951278
     9500       0.0095000  1.00E-06    -0.0000139730841212     0.0000139730841212    -0.0000008350693088     0.0000008350693088     0.0000052470475501    -0.0000052470475501    -0.0000877978155544     0.0000877978155544
     9600       0.0096000  1.00E-06    -0.0000139725566581     0.0000139725566581    -0.0000008438489040     0.0000008438489040     0.0000053022129761    -0.0000053022129761    -0.0000877945013180     0.0000877945013180
     9700       0.0097000  1.00E-06    -0.0000139720236786     0.0000139720236786    -0.0000008526281660     0.0000008526281660     0.0000053573763088    -0.0000053573763088    -0.0000877911524199     0.0000877911524199
     9800       0.0098000  1.00E-06    -0.0000139714851829     0.0000139714851829    -0.0000008614070914     0.0000008614070914     0.0000054125375263    -0.0000054125375263    -0.0000877877688614     0.0000877877688614
     9900       0.0099000  1.00E-06    -0.0000139709411712     0.0000139709411712    -0.0000008701856767     0.0000008701856767     0.0000054676966071    -0.0000054676966071    -0.0000877843506438     0.0000877843506438
    10000       0.0100000  1.00E-06    -0.0000139703916437     0.0000139703916437    -0.0000008789639185     0.0000008789639185     0.0000055228535291    -0.0000055228535291    -0.0000877808977685     0.0000877808977685
    10100       0.0101000  1.00E-06    -0.0000139698366006     0.0000139698366006    -0.0000008877418132     0.0000008877418132     0.0000055780082708    -0.0000055780082708    -0.0000877774102368     0.0000877774102368
    10200       0.0102000  1.00E-06    -0.0000139692760421     0.0000139692760421    -0.0000008965193575     0.0000008965193575     0.0000056331608102    -0.0000056331608102    -0.0000877738880502     0.0000877738880502
    10300       0.0103000  1.00E-06    -0.0000139687099685     0.0000139687099685    -0.0000009052965478     0.0000009052965478     0.0000056883111257    -0.0000056883111257    -0.0000877703312099     0.0000877703312099
    10400       0.0104000  1.00E-06    -0.0000139681383800     0.0000139681383800    -0.0000009140733807     0.0000009140733807     0.0000057434591954    -0.0000057434591954    -0.0000877667397175     0.0000877667397175
    10500       0.0105000  1.00E-06    -0.0000139675612767     0.0000139675612767    -0.0000009228498527     0.0000009228498527     0.0000057986049976    -0.0000057986049976    -0.0000877631135743     0.0000877631135743
    10600       0.0106000  1.00E-06    -0.0000139669786590     0.0000139669786590    -0.0000009316259603     0.0000009316259603     0.0000058537485106    -0.0000058537485106    -0.0000877594527818     0.0000877594527818
    10700       0.0107000  1.00E-06    -0.0000139663905271     0.0000139663905271    -0.0000009404017002     0.0000009404017002     0.0000059088897124    -0.0000059088897124    -0.0000877557573414     0.0000877557573414
    10800       0.0108000  1.00E-06    -0.0000139657968812     0.0000139657968812    -0.0000009491770687     0.0000009491770687     0.0000059640285815    -0.0000059640285815    -0.0000877520272545     0.0000877520272545
    10900       0.0109000  1.00E-06    -0.0000139651977215     0.0000139651977215    -0.0000009579520626     0.0000009579520626     0.0000060191650959    -0.0000060191650959    -0.0000877482625227     0.0000877482625227
    11000       0.0110000  1.00E-06    -0.0000139645930482     0.0000139645930482    -0.0000009667266782     0.0000009667266782     0.0000060742992340    -0.0000060742992340    -0.0000877444631474     0.0000877444631474
    11100       0.0111000  1.00E-06    -0.0000139639828617     0.0000139639828617    -0.0000009755009121     0.0000009755009121     0.0000061294309740    -0.0000061294309740    -0.0000877406291302     0.0000877406291302
    11200       0.0112000  1.00E-06    -0.0000139633671621     0.0000139633671621    -0.0000009842747610     0.0000009842747610     0.0000061845602941    -0.0000061845602941    -0.0000877367604724     0.0000877367604724
    11300       0.0113000  1.00E-06    -0.0000139627459497     0.0000139627459497    -0.0000009930482212     0.0000009930482212     0.0000062396871725    -0.0000062396871725    -0.0000877328571758     0.0000877328571758
    11400       0.0114000  1.00E-06    -0.0000139621192248     0.0000139621192248    -0.0000010018212894     0.0000010018212894     0.0000062948115874    -0.0000062948115874    -0.0000877289192417     0.0000877289192417
    11500       0.0115000  1.00E-06    -0.0000139614869875     0.0000139614869875    -0.0000010105939620     0.0000010105939620     0.0000063499335172    -0.0000063499335172    -0.0000877249466719     0.0000877249466719
    11600       0.0116000  1.00E-06    -0.0000139608492381     0.0000139608492381    -0.0000010193662357     0.0000010193662357     0.0000064050529400    -0.0000064050529400    -0.0000877209394677     0.0000877209394677
    11700       0.0117000  1.00E-06    -0.0000139602059770     0.0000139602059770    -0.0000010281381069     0.0000010281381069     0.0000064601698342    -0.0000064601698342    -0.0000877168976309     0.0000877168976309
    11800       0.0118000  1.00E-06    -0.0000139595572043     0.0000139595572043    -0.0000010369095721     0.0000010369095721     0.0000065152841778    -0.0000065152841778    -0.0000877128211629     0.0000877128211629
    11900       0.0119000  1.00E-06    -0.0000139589029202     0.0000139589029202    -0.0000010456806281     0.0000010456806281     0.0000065703959492    -0.0000065703959492    -0.0000877087100655     0.0000877087100655
    12000       0.0120000  1.00E-06    -0.0000139582431252     0.0000139582431252    -0.0000010544512711     0.0000010544512711     0.0000066255051267    -0.0000066255051267    -0.0000877045643403     0.0000877045643403
    12100       0.0121000  1.00E-06    -0.0000139575778193     0.0000139575778193    -0.0000010632214979     0.0000010632214979     0.0000066806116883    -0.0000066806116883    -0.0000877003839888     0.0000877003839888
    12200       0.0122000  1.00E-06    -0.0000139569070029     0.0000139569070029    -0.0000010719913049     0.0000010719913049     0.0000067357156125    -0.0000067357156125    -0.0000876961690127     0.0000876961690127
    12300       0.0123000  1.00E-06    -0.0000139562306763     0.0000139562306763    -0.0000010807606887     0.0000010807606887     0.0000067908168774    -0.0000067908168774    -0.0000876919194138     0.0000876919194138
    12400       0.0124000  1.00E-06    -0.0000139555488396     0.0000139555488396    -0.0000010895296458     0.0000010895296458     0.0000068459154614    -0.0000068459154614    -0.0000876876351936     0.0000876876351936
    12500       0.0125000  1.00E-06    -0.0000139548614933     0.0000139548614933    -0.0000010982981727     0.0000010982981727     0.0000069010113425    -0.0000069010113425    -0.0000876833163538     0.0000876833163538
    12600       0.0126000  1.00E-06    -0.0000139541686374     0.0000139541686374    -0.0000011070662660     0.0000011070662660     0.0000069561044991    -0.0000069561044991    -0.0000876789628962     0.0000876789628962
    12700       0.0127000  1.00E-06    -0.0000139534702724     0.0000139534702724    -0.0000011158339223     0.0000011158339223     0.0000070111949095    -0.0000070111949095    -0.0000876745748226     0.0000876745748226
    12800       0.0128000  1.00E-06    -0.0000139527663985     0.0000139527663985    -0.0000011246011380     0.0000011246011380     0.0000070662825518    -0.0000070662825518    -0.0000876701521345     0.0000876701521345
    12900       0.0129000  1.00E-06    -0.0000139520570160     0.0000139520570160    -0.0000011333679097     0.0000011333679097     0.0000071213674044    -0.0000071213674044    -0.0000876656948338     0.0000876656948338
    13000       0.0130000  1.00E-06    -0.0000139513421252     0.0000139513421252    -0.0000011421342339     0.0000011421342339     0.0000071764494455    -0.0000071764494455    -0.0000876612029222     0.0000876612029222
    13100       0.0131000  1.00E-06    -0.0000139506217262     0.0000139506217262    -0.0000011509001072     0.0000011509001072     0.0000072315286533    -0.0000072315286533    -0.0000876566764015     0.0000876566764015
    13200       0.0132000  1.00E-06    -0.0000139498958195     0.0000139498958195    -0.0000011596655262     0.0000011596655262     0.0000072866050061    -0.0000072866050061    -0.0000876521152735     0.0000876521152735
    13300       0.0133000  1.00E-06    -0.0000139491644053     0.0000139491644053    -0.0000011684304873     0.0000011684304873     0.0000073416784822    -0.0000073416784822    -0.0000876475195400     0.0000876475195400
    13400       0.0134000  1.00E-06    -0.0000139484274839     0.0000139484274839    -0.0000011771949871     0.0000011771949871     0.0000073967490597    -0.0000073967490597    -0.0000876428892028     0.0000876428892028
    13500       0.0135000  1.00E-06    -0.0000139476850556     0.0000139476850556    -0.0000011859590221     0.0000011859590221     0.0000074518167170    -0.0000074518167170    -0.0000876382242637     0.0000876382242637
    13600       0.0136000  1.00E-06    -0.0000139469371207     0.0000139469371207    -0.0000011947225890     0.0000011947225890     0.0000075068814324    -0.0000075068814324    -0.0000876335247246     0.0000876335247246
    13700       0.0137000  1.00E-06    -0.0000139461836794     0.0000139461836794    -0.0000012034856841     0.0000012034856841     0.0000075619431840    -0.0000075619431840    -0.0000876287905873     0.0000876287905873
    13800       0.0138000  1.00E-06    -0.0000139454247321     0.0000139454247321    -0.0000012122483041     0.0000012122483041     0.0000076170019502    -0.0000076170019502    -0.0000876240218537     0.0000876240218537
    13900       0.0139000  1.00E-06    -0.0000139446602791     0.0000139446602791    -0.0000012210104455     0.0000012210104455     0.0000076720577092    -0.0000076720577092    -0.0000876192185256     0.0000876192185256
    14000       0.0140000  1.00E-06    -0.0000139438903207     0.0000139438903207    -0.0000012297721048     0.0000012297721048     0.0000077271104393    -0.0000077271104393    -0.0000876143806051     0.0000876143806051
    14100       0.0141000  1.00E-06    -0.0000139431148571     0.0000139431148571    -0.0000012385332786     0.0000012385332786     0.0000077821601187    -0.0000077821601187    -0.0000876095080939     0.0000876095080939
    14200       0.0142000  1.00E-06    -0.0000139423338888     0.0000139423338888    -0.0000012472939634     0.0000012472939634     0.0000078372067257    -0.0000078372067257    -0.0000876046009940     0.0000876046009940
    14300       0.0143000  1.00E-06    -0.0000139415474159     0.0000139415474159    -0.0000012560541558     0.0000012560541558     0.0000078922502386    -0.0000078922502386    -0.0000875996593074     0.0000875996593074
    14400       0.0144000  1.00E-06    -0.0000139407554388     0.0000139407554388    -0.0000012648138523     0.0000012648138523     0.0000079472906357    -0.0000079472906357    -0.0000875946830360     0.0000875946830360
    14500       0.0145000  1.00E-06    -0.0000139399579579     0.0000139399579579    -0.0000012735730495     0.0000012735730495     0.0000080023278951    -0.0000080023278951    -0.0000875896721817     0.0000875896721817
    14600       0.0146000  1.00E-06    -0.0000139391549734     0.0000139391549734    -0.0000012823317438     0.0000012823317438     0.0000080573619953    -0.0000080573619953    -0.0000875846267465     0.0000875846267465
    14700       0.0147000  1.00E-06    -0.0000139383464856     0.0000139383464856    -0.0000012910899318     0.0000012910899318     0.0000081123929144    -0.0000081123929144    -0.0000875795467325     0.0000875795467325
    14800       0.0148000  1.00E-06    -0.0000139375324949     0.0000139375324949    -0.0000012998476102     0.0000012998476102     0.0000081674206307    -0.0000081674206307    -0.0000875744321417     0.0000875744321417
    14900       0.0149000  1.00E-06    -0.0000139367130016     0.0000139367130016    -0.0000013086047753     0.0000013086047753     0.0000082224451225    -0.0000082224451225    -0.0000875692829759     0.0000875692829759
    15000       0.0150000  1.00E-06    -0.0000139358880060     0.0000139358880060    -0.0000013173614238     0.0000013173614238     0.0000082774663681    -0.0000082774663681    -0.0000875640992374     0.0000875640992374
    15100       0.0151000  1.00E-06    -0.0000139350575084     0.0000139350575084    -0.0000013261175522     0.0000013261175522     0.0000083324843458    -0.0000083324843458    -0.0000875588809281     0.0000875588809281
    15200       0.0152000  1.00E-06    -0.0000139342215092     0.0000139342215092    -0.0000013348731570     0.0000013348731570     0.0000083874990338    -0.0000083874990338    -0.0000875536280501     0.0000875536280501
    15300       0.0153000  1.00E-06    -0.0000139333800087     0.0000139333800087    -0.0000013436282348     0.0000013436282348     0.0000084425104104    -0.0000084425104104    -0.0000875483406054     0.0000875483406054
    15400       0.0154000  1.00E-06    -0.0000139325330072     0.0000139325330072    -0.0000013523827822     0.0000013523827822     0.0000084975184540    -0.0000084975184540    -0.0000875430185962     0.0000875430185962
    15500       0.0155000  1.00E-06    -0.0000139316805051     0.0000139316805051    -0.0000013611367956     0.0000013611367956     0.0000085525231427    -0.0000085525231427    -0.0000875376620246     0.0000875376620246
    15600       0.0156000  1.00E-06    -0.0000139308225027     0.0000139308225027    -0.0000013698902716     0.0000013698902716     0.0000086075244549    -0.0000086075244549    -0.0000875322708926     0.0000875322708926
    15700       0.0157000  1.00E-06    -0.0000139299590004     0.0000139299590004    -0.0000013786432068     0.0000013786432068     0.0000086625223688    -0.0000086625223688    -0.0000875268452024     0.0000875268452024
    15800       0.0158000  1.00E-06    -0.0000139290899984     0.0000139290899984    -0.0000013873955977     0.0000013873955977     0.0000087175168628    -0.0000087175168628    -0.0000875213849562     0.0000875213849562
    15900       0.0159000  1.00E-06    -0.0000139282154971     0.0000139282154971    -0.0000013961474409     0.0000013961474409     0.0000087725079151    -0.0000087725079151    -0.0000875158901560     0.0000875158901560
    16000       0.0160000  1.00E-06    -0.0000139273354969     0.0000139273354969    -0.0000014048987328     0.0000014048987328     0.0000088274955040    -0.0000088274955040    -0.0000875103608041     0.0000875103608041
    16100       0.0161000  1.00E-06    -0.0000139264499981     0.0000139264499981    -0.0000014136494701     0.0000014136494701     0.0000088824796078    -0.0000088824796078    -0.0000875047969027     0.0000875047969027
    16200       0.0162000  1.00E-06    -0.0000139255590011     0.0000139255590011    -0.0000014223996493     0.0000014223996493     0.0000089374602048    -0.0000089374602048    -0.0000874991984539     0.0000874991984539
    16300       0.0163000  1.00E-06    -0.0000139246625062     0.0000139246625062    -0.0000014311492669     0.0000014311492669     0.0000089924372733    -0.0000089924372733    -0.0000874935654600     0.0000874935654600
    16400       0.0164000  1.00E-06    -0.0000139237605138     0.0000139237605138    -0.0000014398983195     0.0000014398983195     0.0000090474107917    -0.0000090474107917    -0.0000874878979231     0.0000874878979231
    16500       0.0165000  1.00E-06    -0.0000139228530242     0.0000139228530242    -0.0000014486468035     0.0000014486468035     0.0000091023807381    -0.0000091023807381    -0.0000874821958456     0.0000874821958456
    16600       0.0166000  1.00E-06    -0.0000139219400377     0.0000139219400377    -0.0000014573947157     0.0000014573947157     0.0000091573470908    -0.0000091573470908    -0.0000874764592296     0.0000874764592296
    16700       0.0167000  1.00E-06    -0.0000139210215549     0.0000139210215549    -0.0000014661420525     0.0000014661420525     0.0000092123098283    -0.0000092123098283    -0.0000874706880775     0.0000874706880775
    16800       0.0168000  1.00E-06    -0.0000139200975759     0.0000139200975759    -0.0000014748888104     0.0000014748888104     0.0000092672689287    -0.0000092672689287    -0.0000874648823914     0.0000874648823914
    16900       0.0169000  1.00E-06    -0.0000139191681012     0.0000139191681012    -0.0000014836349860     0.0000014836349860     0.0000093222243705    -0.0000093222243705    -0.0000874590421738     0.0000874590421738
    17000       0.0170000  1.00E-06    -0.0000139182331311     0.0000139182331311    -0.0000014923805759     0.0000014923805759     0.0000093771761318    -0.0000093771761318    -0.0000874531674269     0.0000874531674269
    17100       0.0171000  1.00E-06    -0.0000139172926661     0.0000139172926661    -0.0000015011255766     0.0000015011255766     0.0000094321241910    -0.0000094321241910    -0.0000874472581530     0.0000874472581530
    17200       0.0172000  1.00E-06    -0.0000139163467064     0.0000139163467064    -0.0000015098699847     0.0000015098699847     0.0000094870685264    -0.0000094870685264    -0.0000874413143545     0.0000874413143545
    17300       0.0173000  1.00E-06    -0.0000139153952525     0.0000139153952525    -0.0000015186137966     0.0000015186137966     0.0000095420091164    -0.0000095420091164    -0.0000874353360336     0.0000874353360336
    17400       0.0174000  1.00E-06    -0.0000139144383047     0.0000139144383047    -0.0000015273570090     0.0000015273570090     0.0000095969459391    -0.0000095969459391    -0.0000874293231929     0.0000874293231929
    17500       0.0175000  1.00E-06    -0.0000139134758634     0.0000139134758634    -0.0000015360996183     0.0000015360996183     0.0000096518789730    -0.0000096518789730    -0.0000874232758345     0.0000874232758345
    17600       0.0176000  1.00E-06    -0.0000139125079291     0.0000139125079291    -0.0000015448416212     0.0000015448416212     0.0000097068081963    -0.0000097068081963    -0.0000874171939610     0.0000874171939610
    17700       0.0177000  1.00E-06    -0.0000139115345019     0.0000139115345019    -0.0000015535830142     0.0000015535830142     0.0000097617335874    -0.0000097617335874    -0.0000874110775748     0.0000874110775748
    17800       0.0178000  1.00E-06    -0.0000139105555825     0.0000139105555825    -0.0000015623237939     0.0000015623237939     0.0000098166551245    -0.0000098166551245    -0.0000874049266781     0.0000874049266781
    17900       0.0179000  1.00E-06    -0.0000139095711710     0.0000139095711710    -0.0000015710639567     0.0000015710639567     0.0000098715727860    -0.0000098715727860    -0.0000873987412736     0.0000873987412736
    18000       0.0180000  1.00E-06    -0.0000139085812680     0.0000139085812680    -0.0000015798034993     0.0000015798034993     0.0000099264865503    -0.0000099264865503    -0.0000873925213635     0.0000873925213635
    18100       0.0181000  1.00E-06    -0.0000139075858739     0.0000139075858739    -0.0000015885424181     0.0000015885424181     0.0000099813963955    -0.0000099813963955    -0.0000873862669505     0.0000873862669505
    18200       0.0182000  1.00E-06    -0.0000139065849889     0.0000139065849889    -0.0000015972807098     0.0000015972807098     0.0000100363023001    -0.0000100363023001    -0.0000873799780368     0.0000873799780368
    18300       0.0183000  1.00E-06    -0.0000139055786135     0.0000139055786135    -0.0000016060183708     0.0000016060183708     0.0000100912042424    -0.0000100912042424    -0.0000873736546251     0.0000873736546251
    18400       0.0184000  1.00E-06    -0.0000139045667482     0.0000139045667482    -0.0000016147553978     0.0000016147553978     0.0000101461022007    -0.0000101461022007    -0.0000873672967178     0.0000873672967178
    18500       0.0185000  1.00E-06    -0.0000139035493932     0.0000139035493932    -0.0000016234917873     0.0000016234917873     0.0000102009961533    -0.0000102009961533    -0.0000873609043175     0.0000873609043175
    18600       0.0186000  1.00E-06    -0.0000139025265491     0.0000139025265491    -0.0000016322275358     0.0000016322275358     0.0000102558860786    -0.0000102558860786    -0.0000873544774265     0.0000873544774265
    18700       0.0187000  1.00E-06    -0.0000139014982161     0.0000139014982161    -0.0000016409626399     0.0000016409626399     0.0000103107719548    -0.0000103107719548    -0.0000873480160476     0.0000873480160476
    18800       0.0188000  1.00E-06    -0.0000139004643948     0.0000139004643948    -0.0000016496970962     0.0000016496970962     0.0000103656537604    -0.0000103656537604    -0.0000873415201832     0.0000873415201832
    18900       0.0189000  1.00E-06    -0.0000138994250855     0.0000138994250855    -0.0000016584309011     0.0000016584309011     0.0000104205314735    -0.0000104205314735    -0.0000873349898359     0.0000873349898359
    19000       0.0190000  1.00E-06    -0.0000138983802887     0.0000138983802887    -0.0000016671640513     0.0000016671640513     0.0000104754050727    -0.0000104754050727    -0.0000873284250083     0.0000873284250083
    19100       0.0191000  1.00E-06    -0.0000138973300046     0.0000138973300046    -0.0000016758965433     0.0000016758965433     0.0000105302745362    -0.0000105302745362    -0.0000873218257030     0.0000873218257030
    19200       0.0192000  1.00E-06    -0.0000138962742339     0.0000138962742339    -0.0000016846283736     0.0000016846283736     0.0000105851398423    -0.0000105851398423    -0.0000873151919225     0.0000873151919225
    19300       0.0193000  1.00E-06    -0.0000138952129768     0.0000138952129768    -0.0000016933595388     0.0000016933595388     0.0000106400009695    -0.0000106400009695    -0.0000873085236696     0.0000873085236696
    19400       0.0194000  1.00E-06    -0.0000138941462338     0.0000138941462338    -0.0000017020900355     0.0000017020900355     0.0000106948578959    -0.0000106948578959    -0.0000873018209468     0.0000873018209468
    19500       0.0195000  1.00E-06    -0.0000138930740054     0.0000138930740054    -0.0000017108198602     0.0000017108198602     0.0000107497106000    -0.0000107497106000    -0.0000872950837567     0.0000872950837567
    19600       0.0196000  1.00E-06    -0.0000138919962919     0.0000138919962919    -0.0000017195490094     0.0000017195490094     0.0000108045590602    -0.0000108045590602    -0.0000872883121021     0.0000872883121021
    19700       0.0197000  1.00E-06    -0.0000138909130937     0.0000138909130937    -0.0000017282774798     0.0000017282774798     0.0000108594032547    -0.0000108594032547    -0.0000872815059856     0.0000872815059856
