#----it-----------t-----------dt--------------xq1--------------------xq2--------------------yq1--------------------yq2-------------------vxq1-------------------vxq2-------------------vyq1-------------------vyq2----------
        0       0.0000000  1.00E-06    -0.0000279965250000     0.0000279965250000     0.0000000000000000     0.0000000000000000    -0.0000000000000000     0.0000000000000000    -0.0000621926488655     0.0000621926488655
      100       0.0001000  1.00E-06    -0.0000279965243092     0.0000279965243092    -0.0000000062192228     0.0000000062192228     0.0000000138157344    -0.0000000138157344    -0.0000621926473309     0.0000621926473309
      200       0.0002000  1.00E-06    -0.0000279965222369     0.0000279965222369    -0.0000000124384454     0.0000000124384454     0.0000000276314682    -0.0000000276314682    -0.0000621926427273     0.0000621926427273
      300       0.0003000  1.00E-06    -0.0000279965187829     0.0000279965187829    -0.0000000186576673     0.0000000186576673     0.0000000414472005    -0.0000000414472005    -0.0000621926350546     0.0000621926350546
      400       0.0004000  1.00E-06    -0.0000279965139474     0.0000279965139474    -0.0000000248768883     0.0000000248768883     0.0000000552629309    -0.0000000552629309    -0.0000621926243128     0.0000621926243128
      500       0.0005000  1.00E-06    -0.0000279965077303     0.0000279965077303    -0.0000000310961081     0.0000000310961081     0.0000000690786585    -0.0000000690786585    -0.0000621926105019     0.0000621926105019
      600       0.0006000  1.00E-06    -0.0000279965001317     0.0000279965001317    -0.0000000373153263     0.0000000373153263     0.0000000828943827    -0.0000000828943827    -0.0000621925936220     0.0000621925936220
      700       0.0007000  1.00E-06    -0.0000279964911515     0.0000279964911515    -0.0000000435345427     0.0000000435345427     0.0000000967101028    -0.0000000967101028    -0.0000621925736729     0.0000621925736729
      800       0.0008000  1.00E-06    -0.0000279964807897     0.0000279964807897    -0.0000000497537569     0.0000000497537569     0.0000001105258181    -0.0000001105258181    -0.0000621925506548     0.0000621925506548
      900       0.0009000  1.00E-06    -0.0000279964690463     0.0000279964690463    -0.0000000559729687     0.0000000559729687     0.0000001243415280    -0.0000001243415280    -0.0000621925245676     0.0000621925245676
     1000       0.0010000  1.00E-06    -0.0000279964559214     0.0000279964559214    -0.0000000621921778     0.0000000621921778     0.0000001381572317    -0.0000001381572317    -0.0000621924954113     0.0000621924954113
     1100       0.0011000  1.00E-06    -0.0000279964414148     0.0000279964414148    -0.0000000684113837     0.0000000684113837     0.0000001519729286    -0.0000001519729286    -0.0000621924631859     0.0000621924631859
     1200       0.0012000  1.00E-06    -0.0000279964255268     0.0000279964255268    -0.0000000746305863     0.0000000746305863     0.0000001657886181    -0.0000001657886181    -0.0000621924278915     0.0000621924278915
     1300       0.0013000  1.00E-06    -0.0000279964082571     0.0000279964082571    -0.0000000808497852     0.0000000808497852     0.0000001796042993    -0.0000001796042993    -0.0000621923895280     0.0000621923895280
     1400       0.0014000  1.00E-06    -0.0000279963896059     0.0000279963896059    -0.0000000870689801     0.0000000870689801     0.0000001934199717    -0.0000001934199717    -0.0000621923480954     0.0000621923480954
     1500       0.0015000  1.00E-06    -0.0000279963695731     0.0000279963695731    -0.0000000932881707     0.0000000932881707     0.0000002072356345    -0.0000002072356345    -0.0000621923035938     0.0000621923035938
     1600       0.0016000  1.00E-06    -0.0000279963481588     0.0000279963481588    -0.0000000995073568     0.0000000995073568     0.0000002210512871    -0.0000002210512871    -0.0000621922560230     0.0000621922560230
     1700       0.0017000  1.00E-06    -0.0000279963253629     0.0000279963253629    -0.0000001057265379     0.0000001057265379     0.0000002348669288    -0.0000002348669288    -0.0000621922053832     0.0000621922053832
     1800       0.0018000  1.00E-06    -0.0000279963011854     0.0000279963011854    -0.0000001119457137     0.0000001119457137     0.0000002486825590    -0.0000002486825590    -0.0000621921516744     0.0000621921516744
     1900       0.0019000  1.00E-06    -0.0000279962756264     0.0000279962756264    -0.0000001181648841     0.0000001181648841     0.0000002624981768    -0.0000002624981768    -0.0000621920948965     0.0000621920948965
     2000       0.0020000  1.00E-06    -0.0000279962486858     0.0000279962486858    -0.0000001243840486     0.0000001243840486     0.0000002763137817    -0.0000002763137817    -0.0000621920350495     0.0000621920350495
     2100       0.0021000  1.00E-06    -0.0000279962203636     0.0000279962203636    -0.0000001306032070     0.0000001306032070     0.0000002901293729    -0.0000002901293729    -0.0000621919721335     0.0000621919721335
     2200       0.0022000  1.00E-06    -0.0000279961906599     0.0000279961906599    -0.0000001368223590     0.0000001368223590     0.0000003039449499    -0.0000003039449499    -0.0000621919061484     0.0000621919061484
     2300       0.0023000  1.00E-06    -0.0000279961595746     0.0000279961595746    -0.0000001430415042     0.0000001430415042     0.0000003177605118    -0.0000003177605118    -0.0000621918370943     0.0000621918370943
     2400       0.0024000  1.00E-06    -0.0000279961271078     0.0000279961271078    -0.0000001492606423     0.0000001492606423     0.0000003315760581    -0.0000003315760581    -0.0000621917649711     0.0000621917649711
     2500       0.0025000  1.00E-06    -0.0000279960932594     0.0000279960932594    -0.0000001554797731     0.0000001554797731     0.0000003453915880    -0.0000003453915880    -0.0000621916897789     0.0000621916897789
     2600       0.0026000  1.00E-06    -0.0000279960580295     0.0000279960580295    -0.0000001616988962     0.0000001616988962     0.0000003592071008    -0.0000003592071008    -0.0000621916115177     0.0000621916115177
     2700       0.0027000  1.00E-06    -0.0000279960214180     0.0000279960214180    -0.0000001679180113     0.0000001679180113     0.0000003730225960    -0.0000003730225960    -0.0000621915301874     0.0000621915301874
     2800       0.0028000  1.00E-06    -0.0000279959834250     0.0000279959834250    -0.0000001741371181     0.0000001741371181     0.0000003868380727    -0.0000003868380727    -0.0000621914457881     0.0000621914457881
     2900       0.0029000  1.00E-06    -0.0000279959440504     0.0000279959440504    -0.0000001803562163     0.0000001803562163     0.0000004006535303    -0.0000004006535303    -0.0000621913583197     0.0000621913583197
     3000       0.0030000  1.00E-06    -0.0000279959032942     0.0000279959032942    -0.0000001865753057     0.0000001865753057     0.0000004144689682    -0.0000004144689682    -0.0000621912677824     0.0000621912677824
     3100       0.0031000  1.00E-06    -0.0000279958611566     0.0000279958611566    -0.0000001927943858     0.0000001927943858     0.0000004282843856    -0.0000004282843856    -0.0000621911741760     0.0000621911741760
     3200       0.0032000  1.00E-06    -0.0000279958176374     0.0000279958176374    -0.0000001990134564     0.0000001990134564     0.0000004420997818    -0.0000004420997818    -0.0000621910775006     0.0000621910775006
     3300       0.0033000  1.00E-06    -0.0000279957727366     0.0000279957727366    -0.0000002052325172     0.0000002052325172     0.0000004559151563    -0.0000004559151563    -0.0000621909777562     0.0000621909777562
     3400       0.0034000  1.00E-06    -0.0000279957264543     0.0000279957264543    -0.0000002114515679     0.0000002114515679     0.0000004697305083    -0.0000004697305083    -0.0000621908749428     0.0000621908749428
     3500       0.0035000  1.00E-06    -0.0000279956787905     0.0000279956787905    -0.0000002176706081     0.0000002176706081     0.0000004835458370    -0.0000004835458370    -0.0000621907690604     0.0000621907690604
     3600       0.0036000  1.00E-06    -0.0000279956297452     0.0000279956297452    -0.0000002238896376     0.0000002238896376     0.0000004973611420    -0.0000004973611420    -0.0000621906601091     0.0000621906601091
     3700       0.0037000  1.00E-06    -0.0000279955793183     0.0000279955793183    -0.0000002301086560     0.0000002301086560     0.0000005111764223    -0.0000005111764223    -0.0000621905480887     0.0000621905480887
     3800       0.0038000  1.00E-06    -0.0000279955275099     0.0000279955275099    -0.0000002363276631     0.0000002363276631     0.0000005249916775    -0.0000005249916775    -0.0000621904329993     0.0000621904329993
     3900       0.0039000  1.00E-06    -0.0000279954743200     0.0000279954743200    -0.0000002425466586     0.0000002425466586     0.0000005388069067    -0.0000005388069067    -0.0000621903148410     0.0000621903148410
     4000       0.0040000  1.00E-06    -0.0000279954197485     0.0000279954197485    -0.0000002487656420     0.0000002487656420     0.0000005526221094    -0.0000005526221094    -0.0000621901936137     0.0000621901936137
