#----it-----------t-----------dt--------------xq1--------------------xq2--------------------yq1--------------------yq2-------------------vxq1-------------------vxq2-------------------vyq1-------------------vyq2----------
        0       0.0000000  1.00E-06    -0.0000279965250000     0.0000279965250000     0.0000000000000000     0.0000000000000000    -0.0000000000000000     0.0000000000000000    -0.0484914098333317     0.0484914098333317
      100       0.0001000  1.00E-06    -0.0000275776258413     0.0000275776258413    -0.0000048249315731     0.0000048249315731     0.0083570277526352    -0.0083570277526352    -0.0477658551112836     0.0477658551112836
      200       0.0002000  1.00E-06    -0.0000263334639544     0.0000263334639544    -0.0000095054766707     0.0000095054766707     0.0164639707719571    -0.0164639707719571    -0.0456109032323723     0.0456109032323723
      300       0.0003000  1.00E-06    -0.0000243012709847     0.0000243012709847    -0.0000139015695941     0.0000139015695941     0.0240782281295159    -0.0240782281295159    -0.0420910413001361     0.0420910413001361
      400       0.0004000  1.00E-06    -0.0000215418604720     0.0000215418604720    -0.0000178816568980     0.0000178816568980     0.0309719425511199    -0.0309719425511199    -0.0373116014592073     0.0373116014592073
      500       0.0005000  1.00E-06    -0.0000181378080008     0.0000181378080008    -0.0000213266341382     0.0000213266341382     0.0369388190628800    -0.0369388190628800    -0.0314156088243289     0.0314156088243289
      600       0.0006000  1.00E-06    -0.0000141909801199     0.0000141909801199    -0.0000241334100814     0.0000241334100814     0.0418002983845064    -0.0418002983845064    -0.0245795014446296     0.0245795014446296
      700       0.0007000  1.00E-06    -0.0000098194859781     0.0000098194859781    -0.0000262179917194     0.0000262179917194     0.0454109003306756    -0.0454109003306756    -0.0170078503832445     0.0170078503832445
      800       0.0008000  1.00E-06    -0.0000051541428992     0.0000051541428992    -0.0000275179977668     0.0000275179977668     0.0476625773187483    -0.0476625773187483    -0.0089272379139835     0.0089272379139835
      900       0.0009000  1.00E-06    -0.0000003345616628     0.0000003345616628    -0.0000279945254272     0.0000279945254272     0.0484879477036421    -0.0484879477036421    -0.0005794770301767     0.0005794770301767
     1000       0.0010000  1.00E-06     0.0000044950313592    -0.0000044950313592    -0.0000276333145628     0.0000276333145628     0.0478623121818182    -0.0478623121818183     0.0077856248278231    -0.0077856248278231
     1100       0.0011000  1.00E-06     0.0000091901101887    -0.0000091901101887    -0.0000264451744318     0.0000264451744318     0.0458043929230169    -0.0458043929230169     0.0159177412806125    -0.0159177412806125
     1200       0.0012000  1.00E-06     0.0000136101741937    -0.0000136101741937    -0.0000244656602206     0.0000244656602206     0.0423757733108069    -0.0423757733108070     0.0235735180480620    -0.0235735180480620
     1300       0.0013000  1.00E-06     0.0000176229525818    -0.0000176229525818    -0.0000217540090534     0.0000217540090534     0.0376790550573995    -0.0376790550573995     0.0305238553479951    -0.0305238553479951
     1400       0.0014000  1.00E-06     0.0000211083626157    -0.0000211083626157    -0.0000183913673162     0.0000183913673162     0.0318547878408952    -0.0318547878408952     0.0365607637286643    -0.0365607637286643
     1500       0.0015000  1.00E-06     0.0000239621030996    -0.0000239621030996    -0.0000144783623452     0.0000144783623452     0.0250772633455786    -0.0250772633455786     0.0415035881733969    -0.0415035881733969
     1600       0.0016000  1.00E-06     0.0000260987756024    -0.0000260987756024    -0.0000101320911451     0.0000101320911451     0.0175492995688143    -0.0175492995688143     0.0452044142202200    -0.0452044142202200
     1700       0.0017000  1.00E-06     0.0000274544400138    -0.0000274544400138    -0.0000054826162513     0.0000054826162513     0.0094961714745745    -0.0094961714745745     0.0475524943175189    -0.0475524943175189
     1800       0.0018000  1.00E-06     0.0000279885279581    -0.0000279885279581    -0.0000006690735972     0.0000006690735972     0.0011588696194051    -0.0011588696194051     0.0484775619563139    -0.0484775619563139
     1900       0.0019000  1.00E-06     0.0000276850568067    -0.0000276850568067     0.0000041644911415    -0.0000041644911415    -0.0072131115127709     0.0072131115127709     0.0479519344031739    -0.0479519344031739
     2000       0.0020000  1.00E-06     0.0000265531079600    -0.0000265531079600     0.0000088734331262    -0.0000088734331262    -0.0153692396570261     0.0153692396570261     0.0459913411091053    -0.0459913411091053
     2100       0.0021000  1.00E-06     0.0000246265550856    -0.0000246265550856     0.0000133168368654    -0.0000133168368654    -0.0230654419695642     0.0230654419695642     0.0426544530041199    -0.0426544530041199
     2200       0.0022000  1.00E-06     0.0000219630504455    -0.0000219630504455     0.0000173617331231    -0.0000173617331231    -0.0300714089308558     0.0300714089308558     0.0380411267634179    -0.0380411267634179
     2300       0.0023000  1.00E-06     0.0000186422996467    -0.0000186422996467     0.0000208870780357    -0.0000208870780357    -0.0361774863795284     0.0361774863795284     0.0322894165858239    -0.0322894165858239
     2400       0.0024000  1.00E-06     0.0000147636764434    -0.0000147636764434     0.0000237873753595    -0.0000237873753595    -0.0412009494320643     0.0412009494320643     0.0255714429075156    -0.0255714429075156
     2500       0.0025000  1.00E-06     0.0000104432489683    -0.0000104432489683     0.0000259758334550    -0.0000259758334550    -0.0449914705405767     0.0449914705405767     0.0180882416804640    -0.0180882416804640
     2600       0.0026000  1.00E-06     0.0000058103063831    -0.0000058103063831     0.0000273869625339    -0.0000273869625339    -0.0474356180565468     0.0474356180565468     0.0100637483517207    -0.0100637483517207
     2700       0.0027000  1.00E-06     0.0000010034898885    -0.0000010034898885     0.0000279785344457    -0.0000279785344457    -0.0484602506807147     0.0484602506807147     0.0017380965738313    -0.0017380965738313
     2800       0.0028000  1.00E-06    -0.0000038333561257     0.0000038333561257     0.0000277328463584    -0.0000277328463584    -0.0480347062201341     0.0480347062201341    -0.0066395678166756     0.0066395678166756
     2900       0.0029000  1.00E-06    -0.0000085554886362     0.0000085554886362     0.0000266572505159    -0.0000266572505159    -0.0461717191539469     0.0461717191539469    -0.0148185425102146     0.0148185425102146
     3000       0.0030000  1.00E-06    -0.0000130215974334     0.0000130215974334     0.0000247839342210    -0.0000247839342210    -0.0429270395499926     0.0429270395499926    -0.0225540710116118     0.0225540710116118
     3100       0.0031000  1.00E-06    -0.0000170980338411     0.0000170980338411     0.0000221689566267    -0.0000221689566267    -0.0383977647365693     0.0383977647365693    -0.0296146669975594     0.0296146669975594
     3200       0.0032000  1.00E-06    -0.0000206628101634     0.0000206628101634     0.0000188905711606    -0.0000188905711606    -0.0327194336545374     0.0327194336545374    -0.0357890415621931     0.0357890415621931
     3300       0.0033000  1.00E-06    -0.0000236092501764     0.0000236092501764     0.0000150468837844    -0.0000150468837844    -0.0260619708417839     0.0260619708417839    -0.0408924260526369     0.0408924260526369
     3400       0.0034000  1.00E-06    -0.0000258491814220     0.0000258491814220     0.0000107529171644    -0.0000107529171644    -0.0186246014268136     0.0186246014268136    -0.0447721012834571     0.0447721012834571
     3500       0.0035000  1.00E-06    -0.0000273155737753     0.0000273155737753     0.0000061371686088    -0.0000061371686088    -0.0106298893007503     0.0106298893007503    -0.0473119676681772     0.0473119676681772
     3600       0.0036000  1.00E-06    -0.0000279645453262     0.0000279645453262     0.0000013377647754    -0.0000013377647754    -0.0023170768758648     0.0023170768758648    -0.0484360195066365     0.0484360195066365
     3700       0.0037000  1.00E-06    -0.0000277766755484     0.0000277766755484    -0.0000035016717793     0.0000035016717793     0.0060650742612826    -0.0060650742612826    -0.0481106194601533     0.0481106194601533
     3800       0.0038000  1.00E-06    -0.0000267575864604     0.0000267575864604    -0.0000082363205166     0.0000082363205166     0.0142657275583211    -0.0142657275583211    -0.0463455051508480     0.0463455051508480
     3900       0.0039000  1.00E-06    -0.0000249377743860     0.0000249377743860    -0.0000127244966815     0.0000127244966815     0.0220394777989516    -0.0220394777989516    -0.0431934977626612     0.0431934977626612
     4000       0.0040000  1.00E-06    -0.0000223716973495     0.0000223716973495    -0.0000168318912301     0.0000168318912301     0.0291536948718806    -0.0291536948718806    -0.0387489213641859     0.0387489213641859
     4100       0.0041000  1.00E-06    -0.0000191361454154     0.0000191361454154    -0.0000204355900382     0.0000204355900382     0.0353954852442360    -0.0353954852442360    -0.0331447802550686     0.0331447802550686
     4200       0.0042000  1.00E-06    -0.0000153279427403     0.0000153279427403    -0.0000234277521166     0.0000234277521166     0.0405780628170539    -0.0405780628170539    -0.0265487788038801     0.0265487788038801
     4300       0.0043000  1.00E-06    -0.0000110610501024     0.0000110610501024    -0.0000257188367618     0.0000257188367618     0.0445463385146177    -0.0445463385146177    -0.0191583028838169     0.0191583028838169
     4400       0.0044000  1.00E-06    -0.0000064631546167     0.0000064631546167    -0.0000272402830688     0.0000272402830688     0.0471815613387642    -0.0471815613387643    -0.0111945130868346     0.0111945130868346
     4500       0.0045000  1.00E-06    -0.0000016718486880     0.0000016718486880    -0.0000279465616229     0.0000279465616229     0.0484048720041394    -0.0484048720041395    -0.0028957264769191     0.0028957264769191
     4600       0.0046000  1.00E-06     0.0000031694874529    -0.0000031694874529    -0.0000278165369719     0.0000278165369719     0.0481796628113750    -0.0481796628113750     0.0054897150662205    -0.0054897150662205
     4700       0.0047000  1.00E-06     0.0000079159764142    -0.0000079159764142    -0.0000268541001068     0.0000268541001068     0.0465126731384965    -0.0465126731384966     0.0137108764978463    -0.0137108764978463
     4800       0.0048000  1.00E-06     0.0000124255791116    -0.0000124255791116    -0.0000250880520249     0.0000250880520249     0.0434537877675441    -0.0434537877675441     0.0215217388606155    -0.0215217388606155
     4900       0.0049000  1.00E-06     0.0000165633452997    -0.0000165633452997    -0.0000225712418580     0.0000225712418580     0.0390945440811335    -0.0390945440811336     0.0286885614237114    -0.0286885614237114
     5000       0.0050000  1.00E-06     0.0000202054519705    -0.0000202054519705    -0.0000193789853585     0.0000193789853585     0.0335653928008900    -0.0335653928008900     0.0349968763959152    -0.0349968763959152
     5100       0.0051000  1.00E-06     0.0000232429087679    -0.0000232429087679    -0.0000156068110699     0.0000156068110699     0.0270317942401105    -0.0270317942401105     0.0402579068950014    -0.0402579068950014
     5200       0.0052000  1.00E-06     0.0000255848195341    -0.0000255848195341    -0.0000113676016265     0.0000113676016265     0.0196892668904506    -0.0196892668904506     0.0443142161148633    -0.0443142161148633
     5300       0.0053000  1.00E-06     0.0000271611023858    -0.0000271611023858    -0.0000067882157317     0.0000067882157317     0.0117575365140349    -0.0117575365140349     0.0470444186382071    -0.0470444186382071
     5400       0.0054000  1.00E-06     0.0000279245869212    -0.0000279245869212    -0.0000020056918995     0.0000020056918995     0.0034739608299733    -0.0034739608299733     0.0483668129080287    -0.0483668129080287
     5500       0.0055000  1.00E-06     0.0000278524257988    -0.0000278524257988     0.0000028368524345    -0.0000028368524345    -0.0049135734377239     0.0049135734377239     0.0482418261555454    -0.0482418261555454
     5600       0.0056000  1.00E-06     0.0000269467784460    -0.0000269467784460     0.0000075945037162    -0.0000075945037162    -0.0131540685941117     0.0131540685941117     0.0466731986196760    -0.0466731986196760
     5700       0.0057000  1.00E-06     0.0000252347464388    -0.0000252347464388     0.0000121248888232    -0.0000121248888232    -0.0210009271035241     0.0210009271035241     0.0437078716200804    -0.0437078716200804
     5800       0.0058000  1.00E-06     0.0000227675624838    -0.0000227675624838     0.0000162924355940    -0.0000162924355940    -0.0282193310444679     0.0282193310444679     0.0394345828331824    -0.0394345828331824
     5900       0.0059000  1.00E-06     0.0000196190572749    -0.0000196190572749     0.0000199724298368    -0.0000199724298368    -0.0345932690580474     0.0345932690580474     0.0339812108077831    -0.0339812108077831
     6000       0.0060000  1.00E-06     0.0000158834501030    -0.0000158834501030     0.0000230547474126    -0.0000230547474126    -0.0399320005076162     0.0399320005076162     0.0275109481860920    -0.0275109481860920
     6100       0.0061000  1.00E-06     0.0000116725293346    -0.0000116725293346     0.0000254471497094    -0.0000254471497094    -0.0440757634089529     0.0440757634089529     0.0202174181471719    -0.0202174181471719
     6200       0.0062000  1.00E-06     0.0000071123071346    -0.0000071123071346     0.0000270780438907    -0.0000270780438907    -0.0469005553206025     0.0469005553206024     0.0123188802139947    -0.0123188802139947
     6300       0.0063000  1.00E-06     0.0000023392485415    -0.0000023392485415     0.0000278986253163    -0.0000278986253163    -0.0483218441258977     0.0483218441258977     0.0040516988161787    -0.0040516988161787
     6400       0.0064000  1.00E-06    -0.0000025038122618     0.0000025038122618     0.0000278843380246    -0.0000278843380246    -0.0482970976613724     0.0482970976613724    -0.0043367299374673     0.0043367299374673
     6500       0.0065000  1.00E-06    -0.0000072719462727     0.0000072719462727     0.0000270356095716    -0.0000270356095716    -0.0468270564924979     0.0468270564924979    -0.0125953816094268     0.0125953816094268
     6600       0.0066000  1.00E-06    -0.0000118224666815     0.0000118224666815     0.0000253778382346    -0.0000253778382346    -0.0439557117491608     0.0439557117491607    -0.0204771153609716     0.0204771153609716
     6700       0.0067000  1.00E-06    -0.0000160191987864     0.0000160191987864     0.0000229606329662    -0.0000229606329662    -0.0397689886845176     0.0397689886845176    -0.0277460696615985     0.0277460696615985
     6800       0.0068000  1.00E-06    -0.0000197365550318     0.0000197365550318     0.0000198563288416    -0.0000198563288416    -0.0343921753521848     0.0343921753521848    -0.0341847204632970     0.0341847204632970
     6900       0.0069000  1.00E-06    -0.0000228632932262     0.0000228632932262     0.0000161578224246    -0.0000161578224246    -0.0279861733490949     0.0279861733490949    -0.0396003906234141     0.0396003906234141
     7000       0.0070000  1.00E-06    -0.0000253058454729     0.0000253058454729     0.0000119757918303    -0.0000119757918303    -0.0207426828210478     0.0207426828210478    -0.0438310157813979     0.0438310157813979
     7100       0.0071000  1.00E-06    -0.0000269911181968     0.0000269911181968     0.0000074353846730    -0.0000074353846730    -0.0128784658201422     0.0128784658201422    -0.0467499941454279     0.0467499941454279
     7200       0.0072000  1.00E-06    -0.0000278686794744     0.0000278686794744     0.0000026724730139    -0.0000026724730139    -0.0046288596835487     0.0046288596835487    -0.0482699750590183     0.0482699750590183
     7300       0.0073000  1.00E-06    -0.0000279122682133     0.0000279122682133    -0.0000021704126211     0.0000021704126211     0.0037592654538602    -0.0037592654538603    -0.0483454729747377     0.0483454729747377
     7400       0.0074000  1.00E-06    -0.0000271205800171     0.0000271205800171    -0.0000069483484788     0.0000069483484788     0.0120348942662652    -0.0120348942662652    -0.0469742286119057     0.0469742286119057
     7500       0.0075000  1.00E-06    -0.0000255173062194     0.0000255173062194    -0.0000115183544331     0.0000115183544331     0.0199503778886207    -0.0199503778886207    -0.0441972765656455     0.0441972765656455
     7600       0.0076000  1.00E-06    -0.0000231504249193     0.0000231504249193    -0.0000157436726766     0.0000157436726766     0.0272688448268951    -0.0272688448268951    -0.0400977173440986     0.0400977173440986
     7700       0.0077000  1.00E-06    -0.0000200907652327     0.0000200907652327    -0.0000194978602087     0.0000194978602087     0.0337712893550616    -0.0337712893550616    -0.0347982305805835     0.0347982305805835
     7800       0.0078000  1.00E-06    -0.0000164298877263     0.0000164298877263    -0.0000226685726530     0.0000226685726530     0.0392631252782529    -0.0392631252782529    -0.0284574038378132     0.0284574038378132
     7900       0.0079000  1.00E-06    -0.0000122773444607     0.0000122773444607    -0.0000251609261711     0.0000251609261711     0.0435800089403621    -0.0435800089403621    -0.0212649868647090     0.0212649868647090
     8000       0.0080000  1.00E-06    -0.0000077574006363     0.0000077574006363    -0.0000269003368708     0.0000269003368708     0.0465927572221764    -0.0465927572221764    -0.0134362133222211     0.0134362133222211
     8100       0.0081000  1.00E-06    -0.0000030053159480     0.0000030053159480    -0.0000278347527348     0.0000278347527348     0.0482112133584941    -0.0482112133584941    -0.0052053599006267     0.0052053599006267
     8200       0.0082000  1.00E-06     0.0000018367030725    -0.0000018367030725    -0.0000279362112826     0.0000279362112826     0.0483869448891565    -0.0483869448891565     0.0031812644280592    -0.0031812644280592
     8300       0.0083000  1.00E-06     0.0000066237585984    -0.0000066237585984    -0.0000272016763511     0.0000272016763511     0.0471146930073187    -0.0471146930073187     0.0114726892256014    -0.0114726892256014
     8400       0.0084000  1.00E-06     0.0000112125975873    -0.0000112125975873    -0.0000256531289530     0.0000256531289530     0.0444325299327573    -0.0444325299327573     0.0194207928988584    -0.0194207928988584
     8500       0.0085000  1.00E-06     0.0000154658986414    -0.0000154658986414    -0.0000233369094935     0.0000233369094935     0.0404207196004418    -0.0404207196004418     0.0267877277602189    -0.0267877277602189
     8600       0.0086000  1.00E-06     0.0000192563813618    -0.0000192563813618    -0.0000203223310310     0.0000203223310310     0.0351993157580105    -0.0351993157580105     0.0333530376415016    -0.0333530376415016
     8700       0.0087000  1.00E-06     0.0000224706152264    -0.0000224706152264    -0.0000166996050782     0.0000166996050782     0.0289245693489901    -0.0289245693489901     0.0389202550659079    -0.0389202550659079
     8800       0.0088000  1.00E-06     0.0000250124140083    -0.0000250124140083    -0.0000125771420153     0.0000125771420153     0.0217842526909152    -0.0217842526909152     0.0433227805568013    -0.0433227805568013
     8900       0.0089000  1.00E-06     0.0000268057141580    -0.0000268057141580    -0.0000080783069002     0.0000080783069002     0.0139920403726195    -0.0139920403726195     0.0464288681441492    -0.0464288681441492
     9000       0.0090000  1.00E-06     0.0000277968510117    -0.0000277968510117    -0.0000033377277583     0.0000033377277583     0.0057811150228549    -0.0057811150228549     0.0481455678765661    -0.0481455678765661
     9100       0.0091000  1.00E-06     0.0000279561647126    -0.0000279561647126     0.0000015027331733    -0.0000015027331733    -0.0026028107016944     0.0026028107016943     0.0484215073586207    -0.0484215073586207
     9200       0.0092000  1.00E-06     0.0000272788877838    -0.0000272788877838     0.0000062982246855    -0.0000062982246855    -0.0109088470911471     0.0109088470911471     0.0472484290754142    -0.0472484290754142
     9300       0.0093000  1.00E-06     0.0000257852877963    -0.0000257852877963     0.0000109052412833    -0.0000109052412833    -0.0188884352811940     0.0188884352811940     0.0446614374997055    -0.0446614374997055
     9400       0.0094000  1.00E-06     0.0000235200608599    -0.0000235200608599     0.0000151859176004    -0.0000151859176004    -0.0263027854010324     0.0263027854010324     0.0407379485868494    -0.0407379485868494
     9500       0.0095000  1.00E-06     0.0000205509940877    -0.0000205509940877     0.0000190121540325    -0.0000190121540325    -0.0329300223829136     0.0329300223829136     0.0355953730940898    -0.0355953730940898
     9600       0.0096000  1.00E-06     0.0000169669370603    -0.0000169669370603     0.0000222694501297    -0.0000222694501297    -0.0385718255940471     0.0385718255940471     0.0293876030512797    -0.0293876030512797
     9700       0.0097000  1.00E-06     0.0000128751429938    -0.0000128751429938     0.0000248603310320    -0.0000248603310320    -0.0430593635991072     0.0430593635991072     0.0223004065259822    -0.0223004065259822
     9800       0.0098000  1.00E-06     0.0000083980591777    -0.0000083980591777     0.0000267072644129    -0.0000267072644129    -0.0462583464549728     0.0462583464549728     0.0145458684953432    -0.0145458684953432
     9900       0.0099000  1.00E-06     0.0000036696627279    -0.0000036696627279     0.0000277549806402    -0.0000277549806402    -0.0480730443473791     0.0480730443473791     0.0063560441824765    -0.0063560441824765
    10000       0.0100000  1.00E-06    -0.0000011685486895     0.0000011685486895     0.0000279721267240    -0.0000279721267240    -0.0484491523115873     0.0484491523115872    -0.0020239852178628     0.0020239852178628
