#----it-----------t-----------dt--------------xq1--------------------xq2--------------------yq1--------------------yq2-------------------vxq1-------------------vxq2-------------------vyq1-------------------vyq2----------
        0       0.0000000  1.00E-06    -0.0000279965250000     0.0000279965250000     0.0000000000000000     0.0000000000000000    -0.0000000000000000     0.0000000000000000    -0.0484914098333317     0.0484914098333317
      100       0.0001000  1.00E-06    -0.0000275776258413     0.0000275776258413    -0.0000048249315731     0.0000048249315731     0.0083570277526352    -0.0083570277526352    -0.0477658551112836     0.0477658551112836
      200       0.0002000  1.00E-06    -0.0000263334639544     0.0000263334639544    -0.0000095054766707     0.0000095054766707     0.0164639707719571    -0.0164639707719571    -0.0456109032323723     0.0456109032323723
      300       0.0003000  1.00E-06    -0.0000243012709847     0.0000243012709847    -0.0000139015695941     0.0000139015695941     0.0240782281295159    -0.0240782281295159    -0.0420910413001361     0.0420910413001361
      400       0.0004000  1.00E-06    -0.0000215418604720     0.0000215418604720    -0.0000178816568980     0.0000178816568980     0.0309719425511199    -0.0309719425511199    -0.0373116014592073     0.0373116014592073
      500       0.0005000  1.00E-06    -0.0000181378080008     0.0000181378080008    -0.0000213266341382     0.0000213266341382     0.0369388190628800    -0.0369388190628800    -0.0314156088243289     0.0314156088243289
      600       0.0006000  1.00E-06    -0.0000141909801199     0.0000141909801199    -0.0000241334100814     0.0000241334100814     0.0418002983845064    -0.0418002983845064    -0.0245795014446296     0.0245795014446296
      700       0.0007000  1.00E-06    -0.0000098194859781     0.0000098194859781    -0.0000262179917194     0.0000262179917194     0.0454109003306756    -0.0454109003306756    -0.0170078503832445     0.0170078503832445
      800       0.0008000  1.00E-06    -0.0000051541428992     0.0000051541428992    -0.0000275179977668     0.0000275179977668     0.0476625773187483    -0.0476625773187483    -0.0089272379139835     0.0089272379139835
      900       0.0009000  1.00E-06    -0.0000003345616628     0.0000003345616628    -0.0000279945254272     0.0000279945254272     0.0484879477036421    -0.0484879477036421    -0.0005794770301767     0.0005794770301767
     1000       0.0010000  1.00E-06     0.0000044950313592    -0.0000044950313592    -0.0000276333145628     0.0000276333145628     0.0478623121818182    -0.0478623121818183     0.0077856248278231    -0.0077856248278231
     1100       0.0011000  1.00E-06     0.0000091901101887    -0.0000091901101887    -0.0000264451744318     0.0000264451744318     0.0458043929230169    -0.0458043929230169     0.0159177412806125    -0.0159177412806125
     1200       0.0012000  1.00E-06     0.0000136101741937    -0.0000136101741937    -0.0000244656602206     0.0000244656602206     0.0423757733108069    -0.0423757733108070     0.0235735180480620    -0.0235735180480620
     1300       0.0013000  1.00E-06     0.0000176229525818    -0.0000176229525818    -0.0000217540090534     0.0000217540090534     0.0376790550573995    -0.0376790550573995     0.0305238553479951    -0.0305238553479951
     1400       0.0014000  1.00E-06     0.0000211083626157    -0.0000211083626157    -0.0000183913673162     0.0000183913673162     0.0318547878408952    -0.0318547878408952     0.0365607637286643    -0.0365607637286643
     1500       0.0015000  1.00E-06     0.0000239621030996    -0.0000239621030996    -0.0000144783623452     0.0000144783623452     0.0250772633455786    -0.0250772633455786     0.0415035881733969    -0.0415035881733969
     1600       0.0016000  1.00E-06     0.0000260987756024    -0.0000260987756024    -0.0000101320911451     0.0000101320911451     0.0175492995688143    -0.0175492995688143     0.0452044142202200    -0.0452044142202200
     1700       0.0017000  1.00E-06     0.0000274544400138    -0.0000274544400138    -0.0000054826162513     0.0000054826162513     0.0094961714745745    -0.0094961714745745     0.0475524943175189    -0.0475524943175189
     1800       0.0018000  1.00E-06     0.0000279885279581    -0.0000279885279581    -0.0000006690735972     0.0000006690735972     0.0011588696194051    -0.0011588696194051     0.0484775619563139    -0.0484775619563139
     1900       0.0019000  1.00E-06     0.0000276850568067    -0.0000276850568067     0.0000041644911415    -0.0000041644911415    -0.0072131115127709     0.0072131115127709     0.0479519344031739    -0.0479519344031739
     2000       0.0020000  1.00E-06     0.0000265531079600    -0.0000265531079600     0.0000088734331262    -0.0000088734331262    -0.0153692396570261     0.0153692396570261     0.0459913411091053    -0.0459913411091053
     2100       0.0021000  1.00E-06     0.0000246265550856    -0.0000246265550856     0.0000133168368654    -0.0000133168368654    -0.0230654419695642     0.0230654419695642     0.0426544530041199    -0.0426544530041199
     2200       0.0022000  1.00E-06     0.0000219630504455    -0.0000219630504455     0.0000173617331231    -0.0000173617331231    -0.0300714089308558     0.0300714089308558     0.0380411267634179    -0.0380411267634179
     2300       0.0023000  1.00E-06     0.0000186422996467    -0.0000186422996467     0.0000208870780357    -0.0000208870780357    -0.0361774863795284     0.0361774863795284     0.0322894165858239    -0.0322894165858239
     2400       0.0024000  1.00E-06     0.0000147636764434    -0.0000147636764434     0.0000237873753595    -0.0000237873753595    -0.0412009494320643     0.0412009494320643     0.0255714429075156    -0.0255714429075156
     2500       0.0025000  1.00E-06     0.0000104432489683    -0.0000104432489683     0.0000259758334550    -0.0000259758334550    -0.0449914705405767     0.0449914705405767     0.0180882416804640    -0.0180882416804640
     2600       0.0026000  1.00E-06     0.0000058103063831    -0.0000058103063831     0.0000273869625339    -0.0000273869625339    -0.0474356180565468     0.0474356180565468     0.0100637483517207    -0.0100637483517207
     2700       0.0027000  1.00E-06     0.0000010034898885    -0.0000010034898885     0.0000279785344457    -0.0000279785344457    -0.0484602506807147     0.0484602506807147     0.0017380965738313    -0.0017380965738313
     2800       0.0028000  1.00E-06    -0.0000038333561257     0.0000038333561257     0.0000277328463584    -0.0000277328463584    -0.0480347062201341     0.0480347062201341    -0.0066395678166756     0.0066395678166756
     2900       0.0029000  1.00E-06    -0.0000085554886362     0.0000085554886362     0.0000266572505159    -0.0000266572505159    -0.0461717191539469     0.0461717191539469    -0.0148185425102146     0.0148185425102146
     3000       0.0030000  1.00E-06    -0.0000130215974334     0.0000130215974334     0.0000247839342210    -0.0000247839342210    -0.0429270395499926     0.0429270395499926    -0.0225540710116118     0.0225540710116118
     3100       0.0031000  1.00E-06    -0.0000170980338411     0.0000170980338411     0.0000221689566267    -0.0000221689566267    -0.0383977647365693     0.0383977647365693    -0.0296146669975594     0.0296146669975594
     3200       0.0032000  1.00E-06    -0.0000206628101634     0.0000206628101634     0.0000188905711606    -0.0000188905711606    -0.0327194336545374     0.0327194336545374    -0.0357890415621931     0.0357890415621931
     3300       0.0033000  1.00E-06    -0.0000236092501764     0.0000236092501764     0.0000150468837844    -0.0000150468837844    -0.0260619708417839     0.0260619708417839    -0.0408924260526369     0.0408924260526369
     3400       0.0034000  1.00E-06    -0.0000258491814220     0.0000258491814220     0.0000107529171644    -0.0000107529171644    -0.0186246014268136     0.0186246014268136    -0.0447721012834571     0.0447721012834571
     3500       0.0035000  1.00E-06    -0.0000273155737753     0.0000273155737753     0.0000061371686088    -0.0000061371686088    -0.0106298893007503     0.0106298893007503    -0.0473119676681772     0.0473119676681772
     3600       0.0036000  1.00E-06    -0.0000279645453262     0.0000279645453262     0.0000013377647754    -0.0000013377647754    -0.0023170768758648     0.0023170768758648    -0.0484360195066365     0.0484360195066365
     3700       0.0037000  1.00E-06    -0.0000277766755484     0.0000277766755484    -0.0000035016717793     0.0000035016717793     0.0060650742612826    -0.0060650742612826    -0.0481106194601533     0.0481106194601533
     3800       0.0038000  1.00E-06    -0.0000267575864604     0.0000267575864604    -0.0000082363205166     0.0000082363205166     0.0142657275583211    -0.0142657275583211    -0.0463455051508480     0.0463455051508480
     3900       0.0039000  1.00E-06    -0.0000249377743860     0.0000249377743860    -0.0000127244966815     0.0000127244966815     0.0220394777989516    -0.0220394777989516    -0.0431934977626612     0.0431934977626612
     4000       0.0040000  1.00E-06    -0.0000223716973495     0.0000223716973495    -0.0000168318912301     0.0000168318912301     0.0291536948718806    -0.0291536948718806    -0.0387489213641859     0.0387489213641859
