#----it-----------t-----------dt--------------xq1--------------------xq2--------------------yq1--------------------yq2-------------------vxq1-------------------vxq2-------------------vyq1-------------------vyq2----------
        0       0.0000000  1.00E-05    -0.0000279965250000     0.0000279965250000     0.0000000000000000     0.0000000000000000    -0.0000000000000000     0.0000000000000000    -0.0484914098333317     0.0484914098333317
   100000       1.0000000  1.00E-05     0.0000013868154076    -0.0000013868154076     0.0000279516192716    -0.0000279516192716    -0.0484409522149626     0.0484409522149626     0.0024033691429646    -0.0024033691429646
   200000       2.0000000  1.00E-05     0.0000178651731511    -0.0000178651731511     0.0000215281835297    -0.0000215281835297    -0.0373300375430997     0.0373300375430997     0.0309783052625284    -0.0309783052625284
   300000       3.0000000  1.00E-05     0.0000097401531462    -0.0000097401531462     0.0000262138550502    -0.0000262138550502    -0.0454807444391140     0.0454807444391140     0.0168990269529342    -0.0168990269529342
   400000       4.0000000  1.00E-05    -0.0000229634862364     0.0000229634862364     0.0000159412749068    -0.0000159412749068    -0.0276736039482663     0.0276736039482663    -0.0398639718234576     0.0398639718234576
   500000       5.0000000  1.00E-05     0.0000035588070080    -0.0000035588070080    -0.0000277162381925     0.0000277162381925     0.0481419033937272    -0.0481419033937272     0.0061815180977063    -0.0061815180977063
   600000       6.0000000  1.00E-05    -0.0000077150461290     0.0000077150461290     0.0000268465796677    -0.0000268465796677    -0.0466579931907727     0.0466579931907727    -0.0134083743468846     0.0134083743468846
   700000       7.0000000  1.00E-05     0.0000276188815599    -0.0000276188815599    -0.0000041067096433     0.0000041067096433     0.0071412823170753    -0.0071412823170753     0.0480275973247767    -0.0480275973247767
   800000       8.0000000  1.00E-05     0.0000113558841982    -0.0000113558841982    -0.0000254973995403     0.0000254973995403     0.0443638002392192    -0.0443638002392192     0.0197585257874426    -0.0197585257874426
   900000       9.0000000  1.00E-05     0.0000111656388042    -0.0000111656388042    -0.0000255696378621     0.0000255696378621     0.0445150174392821    -0.0445150174392821     0.0194386581964623    -0.0194386581964623
  1000000      10.0000000  1.00E-05     0.0000275043815858    -0.0000275043815858    -0.0000046249138499     0.0000046249138499     0.0080562603705046    -0.0080562603705046     0.0479108647303390    -0.0479108647303390
  1100000      11.0000000  1.00E-05    -0.0000071064957185     0.0000071064957185     0.0000269588648237    -0.0000269588648237    -0.0469877106166777     0.0469877106166777    -0.0123862190016859     0.0123862190016859
  1200000      12.0000000  1.00E-05     0.0000032482249638    -0.0000032482249638    -0.0000276791366425     0.0000276791366425     0.0482708972132071    -0.0482708972132071     0.0056647509808916    -0.0056647509808916
  1300000      13.0000000  1.00E-05    -0.0000232034359016     0.0000232034359016     0.0000154170639117    -0.0000154170639117    -0.0269021162117584     0.0269021162117584    -0.0404890100506267     0.0404890100506267
  1400000      14.0000000  1.00E-05     0.0000076517774922    -0.0000076517774922     0.0000267756437235    -0.0000267756437235    -0.0467495015310091     0.0467495015310091     0.0133597553143915    -0.0133597553143915
  1500000      15.0000000  1.00E-05     0.0000139940825594    -0.0000139940825594     0.0000240634444622    -0.0000240634444622    -0.0420385290429466     0.0420385290429466     0.0244474470138867    -0.0244474470138867
  1600000      16.0000000  1.00E-05    -0.0000066719780455     0.0000066719780455     0.0000270141866442    -0.0000270141866442    -0.0472209400893674     0.0472209400893674    -0.0116626694900225     0.0116626694900225
  1700000      17.0000000  1.00E-05    -0.0000249182308291     0.0000249182308291    -0.0000123596616261     0.0000123596616261     0.0216173615005085    -0.0216173615005085    -0.0435826085873087     0.0435826085873087
  1800000      18.0000000  1.00E-05     0.0000275653210473    -0.0000275653210473     0.0000036370555542    -0.0000036370555542    -0.0063650725812012     0.0063650725812012     0.0482407038605743    -0.0482407038605743
  1900000      19.0000000  1.00E-05    -0.0000187950811741     0.0000187950811741    -0.0000204747574276     0.0000204747574276     0.0358528846923392    -0.0358528846923392    -0.0329116299127337     0.0329116299127337
  2000000      20.0000000  1.00E-05    -0.0000231279524438     0.0000231279524438     0.0000153935673918    -0.0000153935673918    -0.0269712142653101     0.0269712142653101    -0.0405227124734827     0.0405227124734827
  2100000      21.0000000  1.00E-05    -0.0000156905654460     0.0000156905654460     0.0000229142591683    -0.0000229142591683    -0.0401719871687577     0.0401719871687577    -0.0275078272486996     0.0275078272486996
  2200000      22.0000000  1.00E-05    -0.0000263671436723     0.0000263671436723     0.0000086846653833    -0.0000086846653833    -0.0152344631931218     0.0152344631931218    -0.0462527166874248     0.0462527166874248
  2300000      23.0000000  1.00E-05    -0.0000054694903805     0.0000054694903805    -0.0000272052644420     0.0000272052644420     0.0477511762588265    -0.0477511762588265    -0.0096001302778990     0.0096001302778990
  2400000      24.0000000  1.00E-05     0.0000158438233513    -0.0000158438233513     0.0000227684909211    -0.0000227684909211    -0.0399874925385041     0.0399874925385041     0.0278259051023589    -0.0278259051023589
  2500000      25.0000000  1.00E-05     0.0000007506310258    -0.0000007506310258    -0.0000277174663790     0.0000277174663790     0.0487081033062597    -0.0487081033062597     0.0013191125037946    -0.0013191125037946
  2600000      26.0000000  1.00E-05    -0.0000274493354353     0.0000274493354353    -0.0000038396916313     0.0000038396916313     0.0067515539959725    -0.0067515539959725    -0.0482657485473472     0.0482657485473472
  2700000      27.0000000  1.00E-05    -0.0000267084437909     0.0000267084437909     0.0000073658280725    -0.0000073658280725    -0.0129595127118351     0.0129595127118351    -0.0469911200262493     0.0469911200262493
  2800000      28.0000000  1.00E-05    -0.0000257517520763     0.0000257517520763    -0.0000101897230609     0.0000101897230609     0.0179386574319820    -0.0179386574319820    -0.0453350632700233     0.0453350632700233
  2900000      29.0000000  1.00E-05     0.0000134901852681    -0.0000134901852681    -0.0000241740315166     0.0000241740315166     0.0425831046363307    -0.0425831046363307     0.0237633042138508    -0.0237633042138508
  3000000      30.0000000  1.00E-05    -0.0000036071942161     0.0000036071942161     0.0000274361144632    -0.0000274361144632    -0.0483585578665935     0.0483585578665935    -0.0063580155266556     0.0063580155266556
  3100000      31.0000000  1.00E-05     0.0000201479545689    -0.0000201479545689    -0.0000189524825923     0.0000189524825923     0.0334255310099393    -0.0334255310099393     0.0355339780129963    -0.0355339780129963
  3200000      32.0000000  1.00E-05    -0.0000150059772923     0.0000150059772923    -0.0000232236923335     0.0000232236923335     0.0409832908679958    -0.0409832908679958    -0.0264813184143767     0.0264813184143767
  3300000      33.0000000  1.00E-05    -0.0000215350733961     0.0000215350733961    -0.0000173245832702     0.0000173245832702     0.0305915919601226    -0.0305915919601226    -0.0380264248411962     0.0380264248411962
  3400000      34.0000000  1.00E-05    -0.0000038491635690     0.0000038491635690    -0.0000273580914094     0.0000273580914094     0.0483380556283375    -0.0483380556283375    -0.0068009320517697     0.0068009320517697
  3500000      35.0000000  1.00E-05     0.0000274194763500    -0.0000274194763500     0.0000032912473129    -0.0000032912473129    -0.0058187839408244     0.0058187839408244     0.0484761119539414    -0.0484761119539414
  3600000      36.0000000  1.00E-05    -0.0000274311050249     0.0000274311050249     0.0000030940175201    -0.0000030940175201    -0.0054733936315420     0.0054733936315420    -0.0485263381612622     0.0485263381612622
  3700000      37.0000000  1.00E-05     0.0000203960536093    -0.0000203960536093     0.0000185853846056    -0.0000185853846056    -0.0328982307015380     0.0328982307015380     0.0361032662189247    -0.0361032662189247
  3800000      38.0000000  1.00E-05     0.0000246550040245    -0.0000246550040245    -0.0000123662181014     0.0000123662181014     0.0219029867646679    -0.0219029867646679     0.0436689147522407    -0.0436689147522407
  3900000      39.0000000  1.00E-05     0.0000230767620670    -0.0000230767620670    -0.0000150874469887     0.0000150874469887     0.0267392901678964    -0.0267392901678964     0.0408987224384506    -0.0408987224384506
  4000000      40.0000000  1.00E-05     0.0000253848883044    -0.0000253848883044     0.0000107307618874    -0.0000107307618874    -0.0190298137557819     0.0190298137557819     0.0450171771894065    -0.0450171771894065
  4100000      41.0000000  1.00E-05    -0.0000216582236575     0.0000216582236575     0.0000170245812378    -0.0000170245812378    -0.0302098391157338     0.0302098391157338    -0.0384321742872797     0.0384321742872797
  4200000      42.0000000  1.00E-05     0.0000222114983911    -0.0000222114983911    -0.0000162768945846     0.0000162768945846     0.0289009619393547    -0.0289009619393547     0.0394384026892181    -0.0394384026892181
  4300000      43.0000000  1.00E-05    -0.0000240940691668     0.0000240940691668    -0.0000133092070214     0.0000133092070214     0.0236463284198463    -0.0236463284198463    -0.0428076656144861     0.0428076656144861
  4400000      44.0000000  1.00E-05    -0.0000254156653581     0.0000254156653581     0.0000105391086385    -0.0000105391086385    -0.0187364080518369     0.0187364080518369    -0.0451839386892320     0.0451839386892320
  4500000      45.0000000  1.00E-05    -0.0000270551789238     0.0000270551789238     0.0000049411947461    -0.0000049411947461    -0.0087899376477068     0.0087899376477068    -0.0481287387799373     0.0481287387799373
  4600000      46.0000000  1.00E-05    -0.0000113429981902     0.0000113429981902    -0.0000250420285236     0.0000250420285236     0.0445754270087399    -0.0445754270087399    -0.0201907984909492     0.0201907984909492
  4700000      47.0000000  1.00E-05     0.0000247773835294    -0.0000247773835294     0.0000118833628189    -0.0000118833628189    -0.0211660289663325     0.0211660289663325     0.0441320990782952    -0.0441320990782952
  4800000      48.0000000  1.00E-05    -0.0000177203664773     0.0000177203664773    -0.0000209878135683     0.0000209878135683     0.0374058726991231    -0.0374058726991231    -0.0315823966198906     0.0315823966198906
  4900000      49.0000000  1.00E-05    -0.0000205450522462     0.0000205450522462     0.0000182144073725    -0.0000182144073725    -0.0324834544655815     0.0324834544655815    -0.0366399254625695     0.0366399254625695
  5000000      50.0000000  1.00E-05    -0.0000101364109510     0.0000101364109510     0.0000255045221667    -0.0000255045221667    -0.0455134195383040     0.0455134195383040    -0.0180886810626952     0.0180886810626952
  5100000      51.0000000  1.00E-05    -0.0000236932535159     0.0000236932535159     0.0000138282394908    -0.0000138282394908    -0.0246924768713468     0.0246924768713468    -0.0423080121087276     0.0423080121087276
  5200000      52.0000000  1.00E-05    -0.0000081019593222     0.0000081019593222    -0.0000261975415131     0.0000261975415131     0.0468095424148824    -0.0468095424148824    -0.0144764920841261     0.0144764920841261
  5300000      53.0000000  1.00E-05     0.0000132320549476    -0.0000132320549476     0.0000240046914205    -0.0000240046914205    -0.0429188196922310     0.0429188196922310     0.0236580139200279    -0.0236580139200279
  5400000      54.0000000  1.00E-05     0.0000115355685107    -0.0000115355685107    -0.0000248516319208     0.0000248516319208     0.0444614387915753    -0.0444614387915753     0.0206380345431339    -0.0206380345431339
  5500000      55.0000000  1.00E-05    -0.0000159742568404     0.0000159742568404    -0.0000222453236992     0.0000222453236992     0.0398241102065002    -0.0398241102065002    -0.0285974799230976     0.0285974799230976
  5600000      56.0000000  1.00E-05    -0.0000138521651611     0.0000138521651611    -0.0000236115680514     0.0000236115680514     0.0422971778041567    -0.0422971778041567    -0.0248144080823503     0.0248144080823503
  5700000      57.0000000  1.00E-05     0.0000179378733540    -0.0000179378733540    -0.0000206634322805     0.0000206634322805     0.0370398031346029    -0.0370398031346029     0.0321542068149693    -0.0321542068149693
  5800000      58.0000000  1.00E-05     0.0000006627939893    -0.0000006627939893     0.0000273433646352    -0.0000273433646352    -0.0490455552029491     0.0490455552029491     0.0011888243815475    -0.0011888243815475
  5900000      59.0000000  1.00E-05     0.0000105797736770    -0.0000105797736770    -0.0000252095668094     0.0000252095668094     0.0452474153359054    -0.0452474153359054     0.0189891507211552    -0.0189891507211552
  6000000      60.0000000  1.00E-05    -0.0000250340721239     0.0000250340721239    -0.0000109590918649     0.0000109590918649     0.0196827383660360    -0.0196827383660360    -0.0449616522869040     0.0449616522869040
  6100000      61.0000000  1.00E-05    -0.0000273070774384     0.0000273070774384    -0.0000006939083818     0.0000006939083818     0.0012470909949707    -0.0012470909949707    -0.0490759821424696     0.0490759821424696
  6200000      62.0000000  1.00E-05    -0.0000188206925355     0.0000188206925355    -0.0000197810635573     0.0000197810635573     0.0355735261523665    -0.0355735261523665    -0.0338464140638023     0.0338464140638023
