#----it-----------t-----------dt--------------xq1--------------------xq2--------------------yq1--------------------yq2-------------------vxq1-------------------vxq2-------------------vyq1-------------------vyq2----------
        0       0.0000000  1.00E-05    -0.5000000000000000     0.5000000000000000     0.0000000000000001     0.0000000000000000    -0.0000000000000001     0.0000000000000000    -0.5000000000000000     0.5000000000000000
      100       0.0010000  1.00E-05    -0.4999997995811014     0.4999997995811014    -0.0004999999300641     0.0004999999300641     0.0004008377462545    -0.0004008377462546    -0.4999997901924530     0.4999997901924530
      200       0.0020000  1.00E-05    -0.4999991983247130     0.4999991983247130    -0.0009999994405133     0.0009999994405134     0.0008016748772371    -0.0008016748772371    -0.4999991607704071     0.4999991607704071
      300       0.0030000  1.00E-05    -0.4999981962317573     0.4999981962317573    -0.0014999981117340     0.0014999981117340     0.0012025107776787    -0.0012025107776788    -0.4999981117356508     0.4999981117356508
      400       0.0040000  1.00E-05    -0.4999967933037729     0.4999967933037729    -0.0019999955241147     0.0019999955241148     0.0016033448323163    -0.0016033448323164    -0.4999966430911628     0.4999966430911628
      500       0.0050000  1.00E-05    -0.4999949895429132     0.4999949895429132    -0.0024999912580478     0.0024999912580478     0.0020041764258960    -0.0020041764258960    -0.4999947548411151     0.4999947548411151
      600       0.0060000  1.00E-05    -0.4999927849519467     0.4999927849519467    -0.0029999848939302     0.0029999848939303     0.0024050049431756    -0.0024050049431757    -0.4999924469908698     0.4999924469908698
      700       0.0070000  1.00E-05    -0.4999901795342573     0.4999901795342573    -0.0034999760121650     0.0034999760121650     0.0028058297689283    -0.0028058297689283    -0.4999897195469822     0.4999897195469822
      800       0.0080000  1.00E-05    -0.4999871732938445     0.4999871732938445    -0.0039999641931622     0.0039999641931622     0.0032066502879448    -0.0032066502879449    -0.4999865725171984     0.4999865725171984
      900       0.0090000  1.00E-05    -0.4999837662353219     0.4999837662353219    -0.0044999490173404     0.0044999490173404     0.0036074658850373    -0.0036074658850373    -0.4999830059104562     0.4999830059104562
     1000       0.0100000  1.00E-05    -0.4999799583639193     0.4999799583639193    -0.0049999300651275     0.0049999300651275     0.0040082759450415    -0.0040082759450416    -0.4999790197368850     0.4999790197368850
     1100       0.0110000  1.00E-05    -0.4999757496854819     0.4999757496854819    -0.0054999069169623     0.0054999069169623     0.0044090798528204    -0.0044090798528205    -0.4999746140078059     0.4999746140078059
     1200       0.0120000  1.00E-05    -0.4999711402064688     0.4999711402064688    -0.0059998791532954     0.0059998791532955     0.0048098769932668    -0.0048098769932669    -0.4999697887357317     0.4999697887357317
     1300       0.0130000  1.00E-05    -0.4999661299339562     0.4999661299339562    -0.0064998463545906     0.0064998463545907     0.0052106667513066    -0.0052106667513067    -0.4999645439343646     0.4999645439343646
     1400       0.0140000  1.00E-05    -0.4999607188756329     0.4999607188756329    -0.0069998081013260     0.0069998081013260     0.0056114485119015    -0.0056114485119016    -0.4999588796186003     0.4999588796186003
     1500       0.0150000  1.00E-05    -0.4999549070398037     0.4999549070398037    -0.0074997639739950     0.0074997639739951     0.0060122216600523    -0.0060122216600524    -0.4999527958045240     0.4999527958045240
