#----it-----------t-----------dt--------------xq1--------------------xq2--------------------yq1--------------------yq2-------------------vxq1-------------------vxq2-------------------vyq1-------------------vyq2----------
        0       0.0000000  1.00E-05    -0.5000000000000000     0.5000000000000000     0.0000000000000001     0.0000000000000000    -0.0000000000000001     0.0000000000000000    -0.5000000000000000     0.5000000000000000
       10       0.0001000  1.00E-05    -0.4999999975050023     0.4999999975050023    -0.0000499999999168     0.0000499999999168     0.0000498999499164    -0.0000498999499165    -0.4999999975049925     0.4999999975049925
       20       0.0002000  1.00E-05    -0.4999999900200097     0.4999999900200097    -0.0000999999993346     0.0000999999993347     0.0000997998993319    -0.0000997998993320    -0.4999999900199701     0.4999999900199701
       30       0.0003000  1.00E-05    -0.4999999775450224     0.4999999775450224    -0.0001499999977544     0.0001499999977545     0.0001496998477454    -0.0001496998477455    -0.4999999775449326     0.4999999775449326
       40       0.0004000  1.00E-05    -0.4999999600800404     0.4999999600800404    -0.0001999999946773     0.0001999999946773     0.0001995997946559    -0.0001995997946560    -0.4999999600798804     0.4999999600798804
       50       0.0005000  1.00E-05    -0.4999999376250636     0.4999999376250636    -0.0002499999896041     0.0002499999896041     0.0002494997395624    -0.0002494997395624    -0.4999999376248137     0.4999999376248137
       60       0.0006000  1.00E-05    -0.4999999101800926     0.4999999101800926    -0.0002999999820359     0.0002999999820359     0.0002993996819638    -0.0002993996819639    -0.4999999101797326     0.4999999101797326
       70       0.0007000  1.00E-05    -0.4999998777451274     0.4999998777451274    -0.0003499999714737     0.0003499999714737     0.0003492996213593    -0.0003492996213594    -0.4999998777446373     0.4999998777446373
       80       0.0008000  1.00E-05    -0.4999998403201685     0.4999998403201685    -0.0003999999574185     0.0003999999574185     0.0003991995572477    -0.0003991995572478    -0.4999998403195283     0.4999998403195283
       90       0.0009000  1.00E-05    -0.4999997979052161     0.4999997979052161    -0.0004499999393713     0.0004499999393713     0.0004490994891281    -0.0004490994891282    -0.4999997979044060     0.4999997979044060
      100       0.0010000  1.00E-05    -0.4999997505002710     0.4999997505002710    -0.0004999999168330     0.0004999999168331     0.0004989994164995    -0.0004989994164996    -0.4999997504992706     0.4999997504992706
      110       0.0011000  1.00E-05    -0.4999996981053330     0.4999996981053330    -0.0005499998893048     0.0005499998893048     0.0005488993388609    -0.0005488993388610    -0.4999996981041228     0.4999996981041228
      120       0.0012000  1.00E-05    -0.4999996407204030     0.4999996407204030    -0.0005999998562875     0.0005999998562876     0.0005987992557112    -0.0005987992557113    -0.4999996407189630     0.4999996407189630
      130       0.0013000  1.00E-05    -0.4999995783454818     0.4999995783454818    -0.0006499998172822     0.0006499998172823     0.0006486991665495    -0.0006486991665496    -0.4999995783437919     0.4999995783437919
      140       0.0014000  1.00E-05    -0.4999995109805698     0.4999995109805698    -0.0006999997717899     0.0006999997717900     0.0006985990708748    -0.0006985990708749    -0.4999995109786102     0.4999995109786102
      150       0.0015000  1.00E-05    -0.4999994386256678     0.4999994386256678    -0.0007499997193116     0.0007499997193117     0.0007484989681861    -0.0007484989681861    -0.4999994386234184     0.4999994386234184
      160       0.0016000  1.00E-05    -0.4999993612807764     0.4999993612807764    -0.0007999996593483     0.0007999996593484     0.0007983988579823    -0.0007983988579823    -0.4999993612782173     0.4999993612782173
      170       0.0017000  1.00E-05    -0.4999992789458965     0.4999992789458965    -0.0008499995914009     0.0008499995914010     0.0008482987397625    -0.0008482987397625    -0.4999992789430076     0.4999992789430076
      180       0.0018000  1.00E-05    -0.4999991916210287     0.4999991916210287    -0.0008999995149706     0.0008999995149706     0.0008981986130256    -0.0008981986130257    -0.4999991916177904     0.4999991916177904
      190       0.0019000  1.00E-05    -0.4999990993061743     0.4999990993061743    -0.0009499994295582     0.0009499994295582     0.0009480984772707    -0.0009480984772708    -0.4999990993025663     0.4999990993025663
      200       0.0020000  1.00E-05    -0.4999990020013337     0.4999990020013337    -0.0009999993346647     0.0009999993346648     0.0009979983319967    -0.0009979983319968    -0.4999990019973362     0.4999990019973362
      210       0.0021000  1.00E-05    -0.4999988997065082     0.4999988997065082    -0.0010499992297913     0.0010499992297914     0.0010478981767028    -0.0010478981767028    -0.4999988997021013     0.4999988997021013
      220       0.0022000  1.00E-05    -0.4999987924216986     0.4999987924216986    -0.0010999991144388     0.0010999991144389     0.0010977980108877    -0.0010977980108878    -0.4999987924168626     0.4999987924168626
      230       0.0023000  1.00E-05    -0.4999986801469064     0.4999986801469064    -0.0011499989881083     0.0011499989881084     0.0011476978340507    -0.0011476978340507    -0.4999986801416212     0.4999986801416212
      240       0.0024000  1.00E-05    -0.4999985628821324     0.4999985628821324    -0.0011999988503008     0.0011999988503009     0.0011975976456905    -0.0011975976456906    -0.4999985628763783     0.4999985628763783
      250       0.0025000  1.00E-05    -0.4999984406273777     0.4999984406273777    -0.0012499987005173     0.0012499987005173     0.0012474974453064    -0.0012474974453064    -0.4999984406211349     0.4999984406211349
      260       0.0026000  1.00E-05    -0.4999983133826438     0.4999983133826438    -0.0012999985382587     0.0012999985382588     0.0012973972323971    -0.0012973972323972    -0.4999983133758923     0.4999983133758923
      270       0.0027000  1.00E-05    -0.4999981811479318     0.4999981811479318    -0.0013499983630261     0.0013499983630262     0.0013472970064619    -0.0013472970064619    -0.4999981811406518     0.4999981811406518
      280       0.0028000  1.00E-05    -0.4999980439232430     0.4999980439232430    -0.0013999981743205     0.0013999981743206     0.0013971967669995    -0.0013971967669996    -0.4999980439154149     0.4999980439154149
      290       0.0029000  1.00E-05    -0.4999979017085789     0.4999979017085789    -0.0014499979716429     0.0014499979716429     0.0014470965135092    -0.0014470965135092    -0.4999979017001828     0.4999979017001828
      300       0.0030000  1.00E-05    -0.4999977545039408     0.4999977545039408    -0.0014999977544942     0.0014999977544943     0.0014969962454898    -0.0014969962454898    -0.4999977544949570     0.4999977544949570
      310       0.0031000  1.00E-05    -0.4999976023093303     0.4999976023093303    -0.0015499975223755     0.0015499975223756     0.0015468959624403    -0.0015468959624403    -0.4999976022997390     0.4999976022997390
      320       0.0032000  1.00E-05    -0.4999974451247489     0.4999974451247489    -0.0015999972747878     0.0015999972747879     0.0015967956638598    -0.0015967956638598    -0.4999974451145303     0.4999974451145303
      330       0.0033000  1.00E-05    -0.4999972829501981     0.4999972829501981    -0.0016499970112321     0.0016499970112322     0.0016466953492472    -0.0016466953492472    -0.4999972829393326     0.4999972829393326
      340       0.0034000  1.00E-05    -0.4999971157856795     0.4999971157856795    -0.0016999967312094     0.0016999967312094     0.0016965950181015    -0.0016965950181016    -0.4999971157741476     0.4999971157741476
      350       0.0035000  1.00E-05    -0.4999969436311951     0.4999969436311951    -0.0017499964342206     0.0017499964342207     0.0017464946699219    -0.0017464946699219    -0.4999969436189770     0.4999969436189770
      360       0.0036000  1.00E-05    -0.4999967664867464     0.4999967664867464    -0.0017999961197668     0.0017999961197669     0.0017963943042071    -0.0017963943042072    -0.4999967664738223     0.4999967664738223
      370       0.0037000  1.00E-05    -0.4999965843523350     0.4999965843523350    -0.0018499957873490     0.0018499957873491     0.0018462939204564    -0.0018462939204564    -0.4999965843386854     0.4999965843386854
      380       0.0038000  1.00E-05    -0.4999963972279629     0.4999963972279629    -0.0018999954364682     0.0018999954364683     0.0018961935181685    -0.0018961935181686    -0.4999963972135681     0.4999963972135681
      390       0.0039000  1.00E-05    -0.4999962051136319     0.4999962051136319    -0.0019499950666254     0.0019499950666255     0.0019460930968427    -0.0019460930968427    -0.4999962050984725     0.4999962050984725
      400       0.0040000  1.00E-05    -0.4999960080093440     0.4999960080093440    -0.0019999946773216     0.0019999946773217     0.0019959926559777    -0.0019959926559778    -0.4999960079934004     0.4999960079934004
      410       0.0041000  1.00E-05    -0.4999958059151012     0.4999958059151012    -0.0020499942680578     0.0020499942680578     0.0020458921950728    -0.0020458921950728    -0.4999958058983539     0.4999958058983539
      420       0.0042000  1.00E-05    -0.4999955988309056     0.4999955988309056    -0.0020999938383349     0.0020999938383350     0.0020957917136268    -0.0020957917136268    -0.4999955988133349     0.4999955988133349
      430       0.0043000  1.00E-05    -0.4999953867567592     0.4999953867567592    -0.0021499933876541     0.0021499933876542     0.0021456912111387    -0.0021456912111388    -0.4999953867383458     0.4999953867383458
      440       0.0044000  1.00E-05    -0.4999951696926641     0.4999951696926641    -0.0021999929155163     0.0021999929155163     0.0021955906871076    -0.0021955906871077    -0.4999951696733885     0.4999951696733885
      450       0.0045000  1.00E-05    -0.4999949476386225     0.4999949476386225    -0.0022499924214224     0.0022499924214225     0.0022454901410325    -0.0022454901410326    -0.4999949476184653     0.4999949476184653
      460       0.0046000  1.00E-05    -0.4999947205946367     0.4999947205946367    -0.0022999919048736     0.0022999919048737     0.0022953895724124    -0.0022953895724124    -0.4999947205735784     0.4999947205735784
      470       0.0047000  1.00E-05    -0.4999944885607089     0.4999944885607089    -0.0023499913653708     0.0023499913653709     0.0023452889807462    -0.0023452889807462    -0.4999944885387301     0.4999944885387301
      480       0.0048000  1.00E-05    -0.4999942515368413     0.4999942515368413    -0.0023999908024150     0.0023999908024151     0.0023951883655330    -0.0023951883655330    -0.4999942515139227     0.4999942515139227
      490       0.0049000  1.00E-05    -0.4999940095230366     0.4999940095230366    -0.0024499902155073     0.0024499902155073     0.0024450877262717    -0.0024450877262718    -0.4999940094991589     0.4999940094991589
      500       0.0050000  1.00E-05    -0.4999937625192971     0.4999937625192971    -0.0024999896041485     0.0024999896041486     0.0024949870624615    -0.0024949870624615    -0.4999937624944409     0.4999937624944409
      510       0.0051000  1.00E-05    -0.4999935105256250     0.4999935105256250    -0.0025499889678398     0.0025499889678399     0.0025448863736012    -0.0025448863736013    -0.4999935104997713     0.4999935104997713
      520       0.0052000  1.00E-05    -0.4999932535420230     0.4999932535420230    -0.0025999883060822     0.0025999883060822     0.0025947856591899    -0.0025947856591900    -0.4999932535151525     0.4999932535151525
      530       0.0053000  1.00E-05    -0.4999929915684938     0.4999929915684938    -0.0026499876183765     0.0026499876183766     0.0026446849187266    -0.0026446849187267    -0.4999929915405873     0.4999929915405873
      540       0.0054000  1.00E-05    -0.4999927246050400     0.4999927246050400    -0.0026999869042239     0.0026999869042240     0.0026945841517103    -0.0026945841517104    -0.4999927245760781     0.4999927245760781
      550       0.0055000  1.00E-05    -0.4999924526516642     0.4999924526516642    -0.0027499861631254     0.0027499861631255     0.0027444833576400    -0.0027444833576401    -0.4999924526216281     0.4999924526216281
      560       0.0056000  1.00E-05    -0.4999921757083692     0.4999921757083692    -0.0027999853945819     0.0027999853945820     0.0027943825360147    -0.0027943825360148    -0.4999921756772397     0.4999921756772397
      570       0.0057000  1.00E-05    -0.4999918937751580     0.4999918937751580    -0.0028499845980945     0.0028499845980946     0.0028442816863335    -0.0028442816863335    -0.4999918937429157     0.4999918937429157
      580       0.0058000  1.00E-05    -0.4999916068520330     0.4999916068520330    -0.0028999837731642     0.0028999837731643     0.0028941808080952    -0.0028941808080953    -0.4999916068186593     0.4999916068186593
      590       0.0059000  1.00E-05    -0.4999913149389975     0.4999913149389975    -0.0029499829192919     0.0029499829192920     0.0029440799007990    -0.0029440799007990    -0.4999913149044731     0.4999913149044731
      600       0.0060000  1.00E-05    -0.4999910180360540     0.4999910180360540    -0.0029999820359788     0.0029999820359788     0.0029939789639438    -0.0029939789639438    -0.4999910180003601     0.4999910180003601
      610       0.0061000  1.00E-05    -0.4999907161432057     0.4999907161432057    -0.0030499811227257     0.0030499811227257     0.0030438779970286    -0.0030438779970287    -0.4999907161063233     0.4999907161063233
      620       0.0062000  1.00E-05    -0.4999904092604556     0.4999904092604556    -0.0030999801790337     0.0030999801790338     0.0030937769995525    -0.0030937769995526    -0.4999904092223660     0.4999904092223660
      630       0.0063000  1.00E-05    -0.4999900973878069     0.4999900973878069    -0.0031499792044038     0.0031499792044039     0.0031436759710144    -0.0031436759710145    -0.4999900973484909     0.4999900973484909
      640       0.0064000  1.00E-05    -0.4999897805252625     0.4999897805252625    -0.0031999781983371     0.0031999781983371     0.0031935749109134    -0.0031935749109135    -0.4999897804847016     0.4999897804847016
      650       0.0065000  1.00E-05    -0.4999894586728260     0.4999894586728260    -0.0032499771603344     0.0032499771603345     0.0032434738187485    -0.0032434738187485    -0.4999894586310010     0.4999894586310010
      660       0.0066000  1.00E-05    -0.4999891318305002     0.4999891318305002    -0.0032999760898969     0.0032999760898970     0.0032933726940186    -0.0032933726940187    -0.4999891317873925     0.4999891317873925
      670       0.0067000  1.00E-05    -0.4999887999982884     0.4999887999982884    -0.0033499749865256     0.0033499749865256     0.0033432715362228    -0.0033432715362229    -0.4999887999538795     0.4999887999538795
      680       0.0068000  1.00E-05    -0.4999884631761939     0.4999884631761939    -0.0033999738497214     0.0033999738497214     0.0033931703448602    -0.0033931703448602    -0.4999884631304652     0.4999884631304652
      690       0.0069000  1.00E-05    -0.4999881213642204     0.4999881213642204    -0.0034499726789853     0.0034499726789854     0.0034430691194296    -0.0034430691194296    -0.4999881213171533     0.4999881213171533
      700       0.0070000  1.00E-05    -0.4999877745623712     0.4999877745623712    -0.0034999714738185     0.0034999714738185     0.0034929678594301    -0.0034929678594302    -0.4999877745139469     0.4999877745139469
      710       0.0071000  1.00E-05    -0.4999874227706498     0.4999874227706498    -0.0035499702337218     0.0035499702337219     0.0035428665643608    -0.0035428665643608    -0.4999874227208497     0.4999874227208497
      720       0.0072000  1.00E-05    -0.4999870659890596     0.4999870659890596    -0.0035999689581963     0.0035999689581964     0.0035927652337206    -0.0035927652337206    -0.4999870659378653     0.4999870659378653
      730       0.0073000  1.00E-05    -0.4999867042176044     0.4999867042176044    -0.0036499676467430     0.0036499676467431     0.0036426638670085    -0.0036426638670086    -0.4999867041649974     0.4999867041649974
      740       0.0074000  1.00E-05    -0.4999863374562876     0.4999863374562876    -0.0036999662988630     0.0036999662988630     0.0036925624637236    -0.0036925624637236    -0.4999863374022494     0.4999863374022494
      750       0.0075000  1.00E-05    -0.4999859657051129     0.4999859657051129    -0.0037499649140572     0.0037499649140572     0.0037424610233648    -0.0037424610233649    -0.4999859656496254     0.4999859656496254
      760       0.0076000  1.00E-05    -0.4999855889640841     0.4999855889640841    -0.0037999634918266     0.0037999634918266     0.0037923595454313    -0.0037923595454313    -0.4999855889071289     0.4999855889071289
      770       0.0077000  1.00E-05    -0.4999852072332048     0.4999852072332048    -0.0038499620316723     0.0038499620316723     0.0038422580294219    -0.0038422580294220    -0.4999852071747639     0.4999852071747639
      780       0.0078000  1.00E-05    -0.4999848205124793     0.4999848205124793    -0.0038999605330952     0.0038999605330953     0.0038921564748357    -0.0038921564748358    -0.4999848204525341     0.4999848204525341
      790       0.0079000  1.00E-05    -0.4999844288019111     0.4999844288019111    -0.0039499589955964     0.0039499589955965     0.0039420548811718    -0.0039420548811718    -0.4999844287404435     0.4999844287404435
      800       0.0080000  1.00E-05    -0.4999840321015042     0.4999840321015042    -0.0039999574186770     0.0039999574186770     0.0039919532479291    -0.0039919532479291    -0.4999840320384961     0.4999840320384961
      810       0.0081000  1.00E-05    -0.4999836304112626     0.4999836304112626    -0.0040499558018378     0.0040499558018379     0.0040418515746066    -0.0040418515746066    -0.4999836303466960     0.4999836303466960
      820       0.0082000  1.00E-05    -0.4999832237311905     0.4999832237311905    -0.0040999541445800     0.0040999541445800     0.0040917498607034    -0.0040917498607034    -0.4999832236650472     0.4999832236650472
      830       0.0083000  1.00E-05    -0.4999828120612920     0.4999828120612920    -0.0041499524464045     0.0041499524464046     0.0041416481057184    -0.0041416481057185    -0.4999828119935539     0.4999828119935539
      840       0.0084000  1.00E-05    -0.4999823954015710     0.4999823954015710    -0.0041999507068124     0.0041999507068124     0.0041915463091508    -0.0041915463091508    -0.4999823953322202     0.4999823953322202
      850       0.0085000  1.00E-05    -0.4999819737520316     0.4999819737520316    -0.0042499489253046     0.0042499489253047     0.0042414444704994    -0.0042414444704995    -0.4999819736810502     0.4999819736810502
      860       0.0086000  1.00E-05    -0.4999815471126783     0.4999815471126783    -0.0042999471013823     0.0042999471013823     0.0042913425892634    -0.0042913425892635    -0.4999815470400487     0.4999815470400487
      870       0.0087000  1.00E-05    -0.4999811154835152     0.4999811154835152    -0.0043499452345463     0.0043499452345464     0.0043412406649417    -0.0043412406649418    -0.4999811154092194     0.4999811154092194
      880       0.0088000  1.00E-05    -0.4999806788645468     0.4999806788645468    -0.0043999433242978     0.0043999433242978     0.0043911386970334    -0.0043911386970334    -0.4999806787885671     0.4999806787885671
      890       0.0089000  1.00E-05    -0.4999802372557773     0.4999802372557773    -0.0044499413701377     0.0044499413701378     0.0044410366850374    -0.0044410366850375    -0.4999802371780960     0.4999802371780960
      900       0.0090000  1.00E-05    -0.4999797906572112     0.4999797906572112    -0.0044999393715671     0.0044999393715671     0.0044909346284528    -0.0044909346284529    -0.4999797905778108     0.4999797905778108
      910       0.0091000  1.00E-05    -0.4999793390688531     0.4999793390688531    -0.0045499373280869     0.0045499373280870     0.0045408325267787    -0.0045408325267787    -0.4999793389877158     0.4999793389877158
      920       0.0092000  1.00E-05    -0.4999788824907073     0.4999788824907073    -0.0045999352391983     0.0045999352391983     0.0045907303795139    -0.0045907303795140    -0.4999788824078158     0.4999788824078158
      930       0.0093000  1.00E-05    -0.4999784209227786     0.4999784209227786    -0.0046499331044022     0.0046499331044022     0.0046406281861576    -0.0046406281861577    -0.4999784208381152     0.4999784208381152
      940       0.0094000  1.00E-05    -0.4999779543650716     0.4999779543650716    -0.0046999309231996     0.0046999309231996     0.0046905259462088    -0.0046905259462089    -0.4999779542786191     0.4999779542786191
      950       0.0095000  1.00E-05    -0.4999774828175910     0.4999774828175910    -0.0047499286950916     0.0047499286950916     0.0047404236591665    -0.0047404236591665    -0.4999774827293319     0.4999774827293319
      960       0.0096000  1.00E-05    -0.4999770062803414     0.4999770062803414    -0.0047999264195791     0.0047999264195792     0.0047903213245296    -0.0047903213245297    -0.4999770061902584     0.4999770061902584
      970       0.0097000  1.00E-05    -0.4999765247533276     0.4999765247533276    -0.0048499240961633     0.0048499240961633     0.0048402189417973    -0.0048402189417974    -0.4999765246614037     0.4999765246614037
      980       0.0098000  1.00E-05    -0.4999760382365547     0.4999760382365547    -0.0048999217243451     0.0048999217243451     0.0048901165104686    -0.0048901165104686    -0.4999760381427723     0.4999760381427723
      990       0.0099000  1.00E-05    -0.4999755467300273     0.4999755467300273    -0.0049499193036255     0.0049499193036256     0.0049400140300424    -0.0049400140300425    -0.4999755466343694     0.4999755466343694
     1000       0.0100000  1.00E-05    -0.4999750502337504     0.4999750502337504    -0.0049999168335056     0.0049999168335057     0.0049899115000178    -0.0049899115000179    -0.4999750501362001     0.4999750501362001
     1010       0.0101000  1.00E-05    -0.4999745487477293     0.4999745487477293    -0.0050499143134864     0.0050499143134865     0.0050398089198939    -0.0050398089198939    -0.4999745486482692     0.4999745486482692
     1020       0.0102000  1.00E-05    -0.4999740422719684     0.4999740422719684    -0.0050999117430690     0.0050999117430690     0.0050897062891695    -0.0050897062891696    -0.4999740421705820     0.4999740421705820
     1030       0.0103000  1.00E-05    -0.4999735308064731     0.4999735308064731    -0.0051499091217542     0.0051499091217543     0.0051396036073439    -0.0051396036073439    -0.4999735307031434     0.4999735307031434
     1040       0.0104000  1.00E-05    -0.4999730143512485     0.4999730143512485    -0.0051999064490433     0.0051999064490433     0.0051895008739159    -0.0051895008739160    -0.4999730142459587     0.4999730142459587
     1050       0.0105000  1.00E-05    -0.4999724929062999     0.4999724929062999    -0.0052499037244371     0.0052499037244371     0.0052393980883847    -0.0052393980883847    -0.4999724927990332     0.4999724927990332
     1060       0.0106000  1.00E-05    -0.4999719664716325     0.4999719664716325    -0.0052999009474367     0.0052999009474368     0.0052892952502492    -0.0052892952502492    -0.4999719663623722     0.4999719663623722
     1070       0.0107000  1.00E-05    -0.4999714350472517     0.4999714350472517    -0.0053498981175432     0.0053498981175433     0.0053391923590084    -0.0053391923590085    -0.4999714349359812     0.4999714349359812
     1080       0.0108000  1.00E-05    -0.4999708986331625     0.4999708986331625    -0.0053998952342576     0.0053998952342577     0.0053890894141615    -0.0053890894141615    -0.4999708985198653     0.4999708985198653
     1090       0.0109000  1.00E-05    -0.4999703572293706     0.4999703572293706    -0.0054498922970809     0.0054498922970809     0.0054389864152074    -0.0054389864152074    -0.4999703571140299     0.4999703571140299
     1100       0.0110000  1.00E-05    -0.4999698108358812     0.4999698108358812    -0.0054998893055141     0.0054998893055142     0.0054888833616451    -0.0054888833616452    -0.4999698107184810     0.4999698107184810
     1110       0.0111000  1.00E-05    -0.4999692594527001     0.4999692594527001    -0.0055498862590583     0.0055498862590583     0.0055387802529737    -0.0055387802529738    -0.4999692593332236     0.4999692593332236
     1120       0.0112000  1.00E-05    -0.4999687030798326     0.4999687030798326    -0.0055998831572144     0.0055998831572145     0.0055886770886923    -0.0055886770886923    -0.4999687029582636     0.4999687029582636
     1130       0.0113000  1.00E-05    -0.4999681417172842     0.4999681417172842    -0.0056498799994836     0.0056498799994837     0.0056385738682997    -0.0056385738682998    -0.4999681415936065     0.4999681415936065
     1140       0.0114000  1.00E-05    -0.4999675753650607     0.4999675753650607    -0.0056998767853668     0.0056998767853669     0.0056884705912952    -0.0056884705912952    -0.4999675752392582     0.4999675752392582
     1150       0.0115000  1.00E-05    -0.4999670040231678     0.4999670040231678    -0.0057498735143651     0.0057498735143652     0.0057383672571776    -0.0057383672571777    -0.4999670038952243     0.4999670038952243
     1160       0.0116000  1.00E-05    -0.4999664276916110     0.4999664276916110    -0.0057998701859795     0.0057998701859796     0.0057882638654461    -0.0057882638654461    -0.4999664275615106     0.4999664275615106
     1170       0.0117000  1.00E-05    -0.4999658463703965     0.4999658463703965    -0.0058498667997111     0.0058498667997112     0.0058381604155996    -0.0058381604155997    -0.4999658462381231     0.4999658462381231
     1180       0.0118000  1.00E-05    -0.4999652600595298     0.4999652600595298    -0.0058998633550608     0.0058998633550609     0.0058880569071373    -0.0058880569071373    -0.4999652599250675     0.4999652599250675
     1190       0.0119000  1.00E-05    -0.4999646687590170     0.4999646687590170    -0.0059498598515298     0.0059498598515299     0.0059379533395580    -0.0059379533395581    -0.4999646686223498     0.4999646686223498
     1200       0.0120000  1.00E-05    -0.4999640724688638     0.4999640724688638    -0.0059998562886190     0.0059998562886191     0.0059878497123610    -0.0059878497123610    -0.4999640723299761     0.4999640723299761
     1210       0.0121000  1.00E-05    -0.4999634711890765     0.4999634711890765    -0.0060498526658295     0.0060498526658295     0.0060377460250451    -0.0060377460250452    -0.4999634710479526     0.4999634710479526
     1220       0.0122000  1.00E-05    -0.4999628649196609     0.4999628649196609    -0.0060998489826623     0.0060998489826623     0.0060876422771095    -0.0060876422771095    -0.4999628647762850     0.4999628647762850
     1230       0.0123000  1.00E-05    -0.4999622536606232     0.4999622536606232    -0.0061498452386184     0.0061498452386185     0.0061375384680531    -0.0061375384680532    -0.4999622535149800     0.4999622535149800
     1240       0.0124000  1.00E-05    -0.4999616374119695     0.4999616374119695    -0.0061998414331989     0.0061998414331990     0.0061874345973751    -0.0061874345973752    -0.4999616372640434     0.4999616372640434
     1250       0.0125000  1.00E-05    -0.4999610161737059     0.4999610161737059    -0.0062498375659049     0.0062498375659050     0.0062373306645744    -0.0062373306645745    -0.4999610160234815     0.4999610160234815
     1260       0.0126000  1.00E-05    -0.4999603899458387     0.4999603899458387    -0.0062998336362373     0.0062998336362374     0.0062872266691501    -0.0062872266691501    -0.4999603897933008     0.4999603897933008
     1270       0.0127000  1.00E-05    -0.4999597587283743     0.4999597587283743    -0.0063498296436972     0.0063498296436973     0.0063371226106012    -0.0063371226106013    -0.4999597585735073     0.4999597585735073
     1280       0.0128000  1.00E-05    -0.4999591225213189     0.4999591225213189    -0.0063998255877857     0.0063998255877858     0.0063870184884268    -0.0063870184884268    -0.4999591223641079     0.4999591223641079
     1290       0.0129000  1.00E-05    -0.4999584813246788     0.4999584813246788    -0.0064498214680037     0.0064498214680038     0.0064369143021258    -0.0064369143021259    -0.4999584811651088     0.4999584811651088
     1300       0.0130000  1.00E-05    -0.4999578351384606     0.4999578351384606    -0.0064998172838524     0.0064998172838525     0.0064868100511974    -0.0064868100511975    -0.4999578349765165     0.4999578349765165
     1310       0.0131000  1.00E-05    -0.4999571839626709     0.4999571839626709    -0.0065498130348327     0.0065498130348328     0.0065367057351406    -0.0065367057351407    -0.4999571837983376     0.4999571837983376
     1320       0.0132000  1.00E-05    -0.4999565277973159     0.4999565277973159    -0.0065998087204457     0.0065998087204458     0.0065866013534545    -0.0065866013534545    -0.4999565276305790     0.4999565276305790
     1330       0.0133000  1.00E-05    -0.4999558666424023     0.4999558666424023    -0.0066498043401925     0.0066498043401926     0.0066364969056380    -0.0066364969056380    -0.4999558664732469     0.4999558664732469
     1340       0.0134000  1.00E-05    -0.4999552004979369     0.4999552004979369    -0.0066997998935741     0.0066997998935741     0.0066863923911902    -0.0066863923911902    -0.4999552003263482     0.4999552003263482
     1350       0.0135000  1.00E-05    -0.4999545293639263     0.4999545293639263    -0.0067497953800915     0.0067497953800915     0.0067362878096101    -0.0067362878096102    -0.4999545291898896     0.4999545291898896
     1360       0.0136000  1.00E-05    -0.4999538532403773     0.4999538532403773    -0.0067997907992457     0.0067997907992458     0.0067861831603969    -0.0067861831603969    -0.4999538530638780     0.4999538530638780
     1370       0.0137000  1.00E-05    -0.4999531721272966     0.4999531721272966    -0.0068497861505379     0.0068497861505380     0.0068360784430495    -0.0068360784430495    -0.4999531719483203     0.4999531719483203
     1380       0.0138000  1.00E-05    -0.4999524860246911     0.4999524860246911    -0.0068997814334691     0.0068997814334691     0.0068859736570670    -0.0068859736570670    -0.4999524858432234     0.4999524858432234
     1390       0.0139000  1.00E-05    -0.4999517949325675     0.4999517949325675    -0.0069497766475402     0.0069497766475403     0.0069358688019484    -0.0069358688019484    -0.4999517947485943     0.4999517947485943
     1400       0.0140000  1.00E-05    -0.4999510988509330     0.4999510988509330    -0.0069997717922525     0.0069997717922525     0.0069857638771928    -0.0069857638771929    -0.4999510986644399     0.4999510986644399
     1410       0.0141000  1.00E-05    -0.4999503977797947     0.4999503977797947    -0.0070497668671068     0.0070497668671069     0.0070356588822992    -0.0070356588822993    -0.4999503975907674     0.4999503975907674
     1420       0.0142000  1.00E-05    -0.4999496917191590     0.4999496917191590    -0.0070997618716043     0.0070997618716044     0.0070855538167668    -0.0070855538167668    -0.4999496915275838     0.4999496915275838
     1430       0.0143000  1.00E-05    -0.4999489806690336     0.4999489806690336    -0.0071497568052460     0.0071497568052461     0.0071354486800944    -0.0071354486800945    -0.4999489804748965     0.4999489804748965
     1440       0.0144000  1.00E-05    -0.4999482646294254     0.4999482646294254    -0.0071997516675330     0.0071997516675330     0.0071853434717813    -0.0071853434717813    -0.4999482644327125     0.4999482644327125
     1450       0.0145000  1.00E-05    -0.4999475436003417     0.4999475436003417    -0.0072497464579662     0.0072497464579663     0.0072352381913264    -0.0072352381913264    -0.4999475434010389     0.4999475434010389
     1460       0.0146000  1.00E-05    -0.4999468175817897     0.4999468175817897    -0.0072997411760469     0.0072997411760469     0.0072851328382287    -0.0072851328382288    -0.4999468173798835     0.4999468173798835
     1470       0.0147000  1.00E-05    -0.4999460865737764     0.4999460865737764    -0.0073497358212759     0.0073497358212760     0.0073350274119874    -0.0073350274119875    -0.4999460863692534     0.4999460863692534
     1480       0.0148000  1.00E-05    -0.4999453505763096     0.4999453505763096    -0.0073997303931544     0.0073997303931545     0.0073849219121015    -0.0073849219121016    -0.4999453503691561     0.4999453503691561
     1490       0.0149000  1.00E-05    -0.4999446095893965     0.4999446095893965    -0.0074497248911834     0.0074497248911835     0.0074348163380701    -0.0074348163380701    -0.4999446093795991     0.4999446093795991
     1500       0.0150000  1.00E-05    -0.4999438636130444     0.4999438636130444    -0.0074997193148640     0.0074997193148641     0.0074847106893921    -0.0074847106893922    -0.4999438634005898     0.4999438634005898
     1510       0.0151000  1.00E-05    -0.4999431126472610     0.4999431126472610    -0.0075497136636972     0.0075497136636973     0.0075346049655667    -0.0075346049655667    -0.4999431124321359     0.4999431124321359
     1520       0.0152000  1.00E-05    -0.4999423566920537     0.4999423566920537    -0.0075997079371841     0.0075997079371842     0.0075844991660929    -0.0075844991660929    -0.4999423564742449     0.4999423564742449
     1530       0.0153000  1.00E-05    -0.4999415957474303     0.4999415957474303    -0.0076497021348258     0.0076497021348258     0.0076343932904698    -0.0076343932904698    -0.4999415955269246     0.4999415955269246
     1540       0.0154000  1.00E-05    -0.4999408298133983     0.4999408298133983    -0.0076996962561232     0.0076996962561233     0.0076842873381964    -0.0076842873381964    -0.4999408295901829     0.4999408295901829
     1550       0.0155000  1.00E-05    -0.4999400588899653     0.4999400588899653    -0.0077496903005775     0.0077496903005775     0.0077341813087718    -0.0077341813087718    -0.4999400586640271     0.4999400586640271
     1560       0.0156000  1.00E-05    -0.4999392829771391     0.4999392829771391    -0.0077996842676897     0.0077996842676898     0.0077840752016950    -0.0077840752016951    -0.4999392827484654     0.4999392827484654
     1570       0.0157000  1.00E-05    -0.4999385020749275     0.4999385020749275    -0.0078496781569609     0.0078496781569609     0.0078339690164651    -0.0078339690164652    -0.4999385018435057     0.4999385018435057
     1580       0.0158000  1.00E-05    -0.4999377161833383     0.4999377161833383    -0.0078996719678921     0.0078996719678921     0.0078838627525813    -0.0078838627525813    -0.4999377159491558     0.4999377159491558
     1590       0.0159000  1.00E-05    -0.4999369253023795     0.4999369253023795    -0.0079496656999844     0.0079496656999844     0.0079337564095424    -0.0079337564095425    -0.4999369250654236     0.4999369250654236
     1600       0.0160000  1.00E-05    -0.4999361294320590     0.4999361294320590    -0.0079996593527388     0.0079996593527389     0.0079836499868476    -0.0079836499868477    -0.4999361291923172     0.4999361291923172
     1610       0.0161000  1.00E-05    -0.4999353285723848     0.4999353285723848    -0.0080496529256565     0.0080496529256566     0.0080335434839960    -0.0080335434839961    -0.4999353283298450     0.4999353283298450
     1620       0.0162000  1.00E-05    -0.4999345227233647     0.4999345227233647    -0.0080996464182385     0.0080996464182386     0.0080834369004867    -0.0080834369004867    -0.4999345224780147     0.4999345224780147
     1630       0.0163000  1.00E-05    -0.4999337118850073     0.4999337118850073    -0.0081496398299858     0.0081496398299859     0.0081333302358186    -0.0081333302358186    -0.4999337116368348     0.4999337116368348
     1640       0.0164000  1.00E-05    -0.4999328960573203     0.4999328960573203    -0.0081996331603996     0.0081996331603996     0.0081832234894908    -0.0081832234894909    -0.4999328958063132     0.4999328958063132
     1650       0.0165000  1.00E-05    -0.4999320752403121     0.4999320752403121    -0.0082496264089808     0.0082496264089808     0.0082331166610025    -0.0082331166610025    -0.4999320749864586     0.4999320749864586
     1660       0.0166000  1.00E-05    -0.4999312494339908     0.4999312494339908    -0.0082996195752305     0.0082996195752306     0.0082830097498527    -0.0082830097498527    -0.4999312491772789     0.4999312491772789
     1670       0.0167000  1.00E-05    -0.4999304186383649     0.4999304186383649    -0.0083496126586499     0.0083496126586500     0.0083329027555404    -0.0083329027555404    -0.4999304183787829     0.4999304183787829
     1680       0.0168000  1.00E-05    -0.4999295828534425     0.4999295828534425    -0.0083996056587400     0.0083996056587400     0.0083827956775647    -0.0083827956775648    -0.4999295825909787     0.4999295825909787
     1690       0.0169000  1.00E-05    -0.4999287420792322     0.4999287420792322    -0.0084495985750018     0.0084495985750019     0.0084326885154248    -0.0084326885154249    -0.4999287418138751     0.4999287418138751
     1700       0.0170000  1.00E-05    -0.4999278963157422     0.4999278963157422    -0.0084995914069365     0.0084995914069365     0.0084825812686196    -0.0084825812686197    -0.4999278960474804     0.4999278960474804
     1710       0.0171000  1.00E-05    -0.4999270455629813     0.4999270455629813    -0.0085495841540450     0.0085495841540450     0.0085324739366483    -0.0085324739366483    -0.4999270452918035     0.4999270452918035
     1720       0.0172000  1.00E-05    -0.4999261898209578     0.4999261898209578    -0.0085995768158285     0.0085995768158286     0.0085823665190098    -0.0085823665190099    -0.4999261895468528     0.4999261895468528
     1730       0.0173000  1.00E-05    -0.4999253290896805     0.4999253290896805    -0.0086495693917880     0.0086495693917881     0.0086322590152034    -0.0086322590152035    -0.4999253288126370     0.4999253288126370
     1740       0.0174000  1.00E-05    -0.4999244633691577     0.4999244633691577    -0.0086995618814247     0.0086995618814248     0.0086821514247280    -0.0086821514247281    -0.4999244630891648     0.4999244630891648
     1750       0.0175000  1.00E-05    -0.4999235926593983     0.4999235926593983    -0.0087495542842396     0.0087495542842396     0.0087320437470828    -0.0087320437470829    -0.4999235923764452     0.4999235923764452
     1760       0.0176000  1.00E-05    -0.4999227169604109     0.4999227169604109    -0.0087995465997337     0.0087995465997338     0.0087819359817668    -0.0087819359817669    -0.4999227166744867     0.4999227166744867
     1770       0.0177000  1.00E-05    -0.4999218362722047     0.4999218362722047    -0.0088495388274082     0.0088495388274082     0.0088318281282791    -0.0088318281282791    -0.4999218359832985     0.4999218359832985
     1780       0.0178000  1.00E-05    -0.4999209505947881     0.4999209505947881    -0.0088995309667641     0.0088995309667641     0.0088817201861187    -0.0088817201861188    -0.4999209503028894     0.4999209503028894
     1790       0.0179000  1.00E-05    -0.4999200599281703     0.4999200599281703    -0.0089495230173024     0.0089495230173025     0.0089316121547849    -0.0089316121547849    -0.4999200596332685     0.4999200596332685
     1800       0.0180000  1.00E-05    -0.4999191642723602     0.4999191642723602    -0.0089995149785244     0.0089995149785245     0.0089815040337765    -0.0089815040337766    -0.4999191639744450     0.4999191639744450
     1810       0.0181000  1.00E-05    -0.4999182636273666     0.4999182636273666    -0.0090495068499310     0.0090495068499311     0.0090313958225928    -0.0090313958225928    -0.4999182633264277     0.4999182633264277
     1820       0.0182000  1.00E-05    -0.4999173579931986     0.4999173579931986    -0.0090994986310234     0.0090994986310234     0.0090812875207327    -0.0090812875207328    -0.4999173576892259     0.4999173576892259
     1830       0.0183000  1.00E-05    -0.4999164473698654     0.4999164473698654    -0.0091494903213026     0.0091494903213026     0.0091311791276955    -0.0091311791276955    -0.4999164470628488     0.4999164470628488
     1840       0.0184000  1.00E-05    -0.4999155317573762     0.4999155317573762    -0.0091994819202697     0.0091994819202697     0.0091810706429801    -0.0091810706429801    -0.4999155314473056     0.4999155314473056
     1850       0.0185000  1.00E-05    -0.4999146111557398     0.4999146111557398    -0.0092494734274257     0.0092494734274258     0.0092309620660856    -0.0092309620660857    -0.4999146108426056     0.4999146108426056
     1860       0.0186000  1.00E-05    -0.4999136855649660     0.4999136855649660    -0.0092994648422719     0.0092994648422719     0.0092808533965112    -0.0092808533965113    -0.4999136852487582     0.4999136852487582
     1870       0.0187000  1.00E-05    -0.4999127549850636     0.4999127549850636    -0.0093494561643092     0.0093494561643092     0.0093307446337559    -0.0093307446337560    -0.4999127546657728     0.4999127546657728
     1880       0.0188000  1.00E-05    -0.4999118194160422     0.4999118194160422    -0.0093994473930387     0.0093994473930388     0.0093806357773188    -0.0093806357773189    -0.4999118190936588     0.4999118190936588
     1890       0.0189000  1.00E-05    -0.4999108788579111     0.4999108788579111    -0.0094494385279616     0.0094494385279617     0.0094305268266991    -0.0094305268266991    -0.4999108785324257     0.4999108785324257
     1900       0.0190000  1.00E-05    -0.4999099333106800     0.4999099333106800    -0.0094994295685789     0.0094994295685790     0.0094804177813957    -0.0094804177813957    -0.4999099329820832     0.4999099329820832
     1910       0.0191000  1.00E-05    -0.4999089827743579     0.4999089827743579    -0.0095494205143917     0.0095494205143918     0.0095303086409078    -0.0095303086409078    -0.4999089824426407     0.4999089824426407
     1920       0.0192000  1.00E-05    -0.4999080272489548     0.4999080272489548    -0.0095994113649011     0.0095994113649012     0.0095801994047345    -0.0095801994047345    -0.4999080269141081     0.4999080269141081
     1930       0.0193000  1.00E-05    -0.4999070667344801     0.4999070667344801    -0.0096494021196083     0.0096494021196083     0.0096300900723748    -0.0096300900723749    -0.4999070663964948     0.4999070663964948
     1940       0.0194000  1.00E-05    -0.4999061012309436     0.4999061012309436    -0.0096993927780141     0.0096993927780142     0.0096799806433279    -0.0096799806433279    -0.4999061008898108     0.4999061008898108
     1950       0.0195000  1.00E-05    -0.4999051307383548     0.4999051307383548    -0.0097493833396199     0.0097493833396200     0.0097298711170928    -0.0097298711170929    -0.4999051303940659     0.4999051303940659
     1960       0.0196000  1.00E-05    -0.4999041552567235     0.4999041552567235    -0.0097993738039267     0.0097993738039267     0.0097797614931688    -0.0097797614931688    -0.4999041549092700     0.4999041549092700
     1970       0.0197000  1.00E-05    -0.4999031747860594     0.4999031747860594    -0.0098493641704355     0.0098493641704355     0.0098296517710547    -0.0098296517710548    -0.4999031744354329     0.4999031744354329
     1980       0.0198000  1.00E-05    -0.4999021893263724     0.4999021893263724    -0.0098993544386475     0.0098993544386475     0.0098795419502498    -0.0098795419502499    -0.4999021889725644     0.4999021889725644
     1990       0.0199000  1.00E-05    -0.4999011988776728     0.4999011988776728    -0.0099493446080637     0.0099493446080638     0.0099294320302532    -0.0099294320302532    -0.4999011985206747     0.4999011985206747
     2000       0.0200000  1.00E-05    -0.4999002034399699     0.4999002034399699    -0.0099993346781853     0.0099993346781854     0.0099793220105639    -0.0099793220105639    -0.4999002030797740     0.4999002030797740
     2010       0.0201000  1.00E-05    -0.4998992030132740     0.4998992030132740    -0.0100493246485134     0.0100493246485134     0.0100292118906810    -0.0100292118906811    -0.4998992026498723     0.4998992026498723
     2020       0.0202000  1.00E-05    -0.4998981975975951     0.4998981975975951    -0.0100993145185490     0.0100993145185490     0.0100791016701037    -0.0100791016701038    -0.4998981972309797     0.4998981972309797
     2030       0.0203000  1.00E-05    -0.4998971871929433     0.4998971871929433    -0.0101493042877933     0.0101493042877933     0.0101289913483310    -0.0101289913483311    -0.4998971868231062     0.4998971868231062
     2040       0.0204000  1.00E-05    -0.4998961717993287     0.4998961717993287    -0.0101992939557473     0.0101992939557474     0.0101788809248621    -0.0101788809248622    -0.4998961714262624     0.4998961714262624
     2050       0.0205000  1.00E-05    -0.4998951514167617     0.4998951514167617    -0.0102492835219122     0.0102492835219123     0.0102287703991961    -0.0102287703991962    -0.4998951510404586     0.4998951510404586
     2060       0.0206000  1.00E-05    -0.4998941260452523     0.4998941260452523    -0.0102992729857891     0.0102992729857892     0.0102786597708320    -0.0102786597708321    -0.4998941256657052     0.4998941256657052
     2070       0.0207000  1.00E-05    -0.4998930956848108     0.4998930956848108    -0.0103492623468791     0.0103492623468791     0.0103285490392691    -0.0103285490392691    -0.4998930953020123     0.4998930953020123
     2080       0.0208000  1.00E-05    -0.4998920603354477     0.4998920603354477    -0.0103992516046832     0.0103992516046833     0.0103784382040063    -0.0103784382040063    -0.4998920599493907     0.4998920599493907
     2090       0.0209000  1.00E-05    -0.4998910199971733     0.4998910199971733    -0.0104492407587026     0.0104492407587027     0.0104283272645428    -0.0104283272645428    -0.4998910196078507     0.4998910196078507
     2100       0.0210000  1.00E-05    -0.4998899746699980     0.4998899746699980    -0.0104992298084385     0.0104992298084385     0.0104782162203777    -0.0104782162203777    -0.4998899742774030     0.4998899742774030
     2110       0.0211000  1.00E-05    -0.4998889243539326     0.4998889243539326    -0.0105492187533918     0.0105492187533919     0.0105281050710101    -0.0105281050710101    -0.4998889239580582     0.4998889239580582
     2120       0.0212000  1.00E-05    -0.4998878690489876     0.4998878690489876    -0.0105992075930638     0.0105992075930638     0.0105779938159391    -0.0105779938159392    -0.4998878686498269     0.4998878686498269
     2130       0.0213000  1.00E-05    -0.4998868087551731     0.4998868087551731    -0.0106491963269555     0.0106491963269555     0.0106278824546639    -0.0106278824546640    -0.4998868083527199     0.4998868083527199
     2140       0.0214000  1.00E-05    -0.4998857434725002     0.4998857434725002    -0.0106991849545680     0.0106991849545681     0.0106777709866836    -0.0106777709866836    -0.4998857430667480     0.4998857430667480
     2150       0.0215000  1.00E-05    -0.4998846732009793     0.4998846732009793    -0.0107491734754025     0.0107491734754026     0.0107276594114972    -0.0107276594114973    -0.4998846727919221     0.4998846727919221
     2160       0.0216000  1.00E-05    -0.4998835979406214     0.4998835979406214    -0.0107991618889601     0.0107991618889602     0.0107775477286039    -0.0107775477286040    -0.4998835975282528     0.4998835975282528
     2170       0.0217000  1.00E-05    -0.4998825176914372     0.4998825176914372    -0.0108491501947419     0.0108491501947419     0.0108274359375029    -0.0108274359375029    -0.4998825172757511     0.4998825172757511
     2180       0.0218000  1.00E-05    -0.4998814324534377     0.4998814324534377    -0.0108991383922490     0.0108991383922490     0.0108773240376931    -0.0108773240376932    -0.4998814320344282     0.4998814320344282
     2190       0.0219000  1.00E-05    -0.4998803422266336     0.4998803422266336    -0.0109491264809825     0.0109491264809825     0.0109272120286739    -0.0109272120286739    -0.4998803418042950     0.4998803418042950
     2200       0.0220000  1.00E-05    -0.4998792470110358     0.4998792470110358    -0.0109991144604435     0.0109991144604436     0.0109770999099441    -0.0109770999099442    -0.4998792465853628     0.4998792465853628
     2210       0.0221000  1.00E-05    -0.4998781468066553     0.4998781468066553    -0.0110491023301333     0.0110491023301333     0.0110269876810031    -0.0110269876810032    -0.4998781463776421     0.4998781463776421
     2220       0.0222000  1.00E-05    -0.4998770416135034     0.4998770416135034    -0.0110990900895528     0.0110990900895528     0.0110768753413500    -0.0110768753413500    -0.4998770411811446     0.4998770411811446
     2230       0.0223000  1.00E-05    -0.4998759314315909     0.4998759314315909    -0.0111490777382032     0.0111490777382033     0.0111267628904837    -0.0111267628904838    -0.4998759309958814     0.4998759309958814
     2240       0.0224000  1.00E-05    -0.4998748162609290     0.4998748162609290    -0.0111990652755857     0.0111990652755857     0.0111766503279035    -0.0111766503279036    -0.4998748158218637     0.4998748158218637
     2250       0.0225000  1.00E-05    -0.4998736961015291     0.4998736961015291    -0.0112490527012013     0.0112490527012013     0.0112265376531086    -0.0112265376531086    -0.4998736956591031     0.4998736956591031
     2260       0.0226000  1.00E-05    -0.4998725709534022     0.4998725709534022    -0.0112990400145512     0.0112990400145512     0.0112764248655979    -0.0112764248655980    -0.4998725705076106     0.4998725705076106
     2270       0.0227000  1.00E-05    -0.4998714408165597     0.4998714408165597    -0.0113490272151365     0.0113490272151366     0.0113263119648708    -0.0113263119648708    -0.4998714403673978     0.4998714403673978
     2280       0.0228000  1.00E-05    -0.4998703056910130     0.4998703056910130    -0.0113990143024584     0.0113990143024584     0.0113761989504262    -0.0113761989504262    -0.4998703052384763     0.4998703052384763
     2290       0.0229000  1.00E-05    -0.4998691655767735     0.4998691655767735    -0.0114490012760179     0.0114490012760180     0.0114260858217633    -0.0114260858217634    -0.4998691651208576     0.4998691651208576
     2300       0.0230000  1.00E-05    -0.4998680204738527     0.4998680204738527    -0.0114989881353163     0.0114989881353163     0.0114759725783813    -0.0114759725783814    -0.4998680200145533     0.4998680200145533
     2310       0.0231000  1.00E-05    -0.4998668703822618     0.4998668703822618    -0.0115489748798545     0.0115489748798546     0.0115258592197793    -0.0115258592197793    -0.4998668699195750     0.4998668699195750
     2320       0.0232000  1.00E-05    -0.4998657153020125     0.4998657153020125    -0.0115989615091339     0.0115989615091339     0.0115757457454564    -0.0115757457454565    -0.4998657148359341     0.4998657148359341
     2330       0.0233000  1.00E-05    -0.4998645552331166     0.4998645552331166    -0.0116489480226554     0.0116489480226555     0.0116256321549118    -0.0116256321549118    -0.4998645547636426     0.4998645547636426
     2340       0.0234000  1.00E-05    -0.4998633901755854     0.4998633901755854    -0.0116989344199203     0.0116989344199204     0.0116755184476445    -0.0116755184476446    -0.4998633897027123     0.4998633897027123
     2350       0.0235000  1.00E-05    -0.4998622201294308     0.4998622201294308    -0.0117489207004297     0.0117489207004298     0.0117254046231539    -0.0117254046231539    -0.4998622196531549     0.4998622196531549
     2360       0.0236000  1.00E-05    -0.4998610450946646     0.4998610450946646    -0.0117989068636847     0.0117989068636847     0.0117752906809389    -0.0117752906809389    -0.4998610446149824     0.4998610446149824
     2370       0.0237000  1.00E-05    -0.4998598650712984     0.4998598650712984    -0.0118488929091864     0.0118488929091865     0.0118251766204987    -0.0118251766204988    -0.4998598645882069     0.4998598645882069
     2380       0.0238000  1.00E-05    -0.4998586800593443     0.4998586800593443    -0.0118988788364360     0.0118988788364361     0.0118750624413325    -0.0118750624413326    -0.4998586795728403     0.4998586795728403
     2390       0.0239000  1.00E-05    -0.4998574900588140     0.4998574900588140    -0.0119488646449347     0.0119488646449347     0.0119249481429394    -0.0119249481429395    -0.4998574895688943     0.4998574895688943
     2400       0.0240000  1.00E-05    -0.4998562950697197     0.4998562950697197    -0.0119988503341835     0.0119988503341836     0.0119748337248186    -0.0119748337248186    -0.4998562945763813     0.4998562945763813
     2410       0.0241000  1.00E-05    -0.4998550950920730     0.4998550950920730    -0.0120488359036837     0.0120488359036837     0.0120247191864691    -0.0120247191864692    -0.4998550945953134     0.4998550945953134
     2420       0.0242000  1.00E-05    -0.4998538901258864     0.4998538901258864    -0.0120988213529363     0.0120988213529364     0.0120746045273903    -0.0120746045273903    -0.4998538896257028     0.4998538896257028
     2430       0.0243000  1.00E-05    -0.4998526801711715     0.4998526801711715    -0.0121488066814425     0.0121488066814426     0.0121244897470811    -0.0121244897470812    -0.4998526796675616     0.4998526796675616
     2440       0.0244000  1.00E-05    -0.4998514652279408     0.4998514652279408    -0.0121987918887035     0.0121987918887036     0.0121743748450408    -0.0121743748450408    -0.4998514647209025     0.4998514647209025
     2450       0.0245000  1.00E-05    -0.4998502452962065     0.4998502452962065    -0.0122487769742204     0.0122487769742205     0.0122242598207685    -0.0122242598207685    -0.4998502447857373     0.4998502447857373
     2460       0.0246000  1.00E-05    -0.4998490203759807     0.4998490203759807    -0.0122987619374944     0.0122987619374944     0.0122741446737633    -0.0122741446737634    -0.4998490198620786     0.4998490198620786
     2470       0.0247000  1.00E-05    -0.4998477904672758     0.4998477904672758    -0.0123487467780266     0.0123487467780266     0.0123240294035245    -0.0123240294035245    -0.4998477899499391     0.4998477899499391
     2480       0.0248000  1.00E-05    -0.4998465555701042     0.4998465555701042    -0.0123987314953181     0.0123987314953182     0.0123739140095511    -0.0123739140095512    -0.4998465550493310     0.4998465550493310
     2490       0.0249000  1.00E-05    -0.4998453156844781     0.4998453156844781    -0.0124487160888701     0.0124487160888702     0.0124237984913424    -0.0124237984913424    -0.4998453151602670     0.4998453151602670
     2500       0.0250000  1.00E-05    -0.4998440708104100     0.4998440708104100    -0.0124987005581839     0.0124987005581839     0.0124736828483974    -0.0124736828483975    -0.4998440702827596     0.4998440702827596
     2510       0.0251000  1.00E-05    -0.4998428209479125     0.4998428209479125    -0.0125486849027604     0.0125486849027605     0.0125235670802154    -0.0125235670802155    -0.4998428204168214     0.4998428204168214
     2520       0.0252000  1.00E-05    -0.4998415660969980     0.4998415660969980    -0.0125986691221009     0.0125986691221010     0.0125734511862955    -0.0125734511862955    -0.4998415655624651     0.4998415655624651
     2530       0.0253000  1.00E-05    -0.4998403062576794     0.4998403062576794    -0.0126486532157066     0.0126486532157067     0.0126233351661368    -0.0126233351661369    -0.4998403057197037     0.4998403057197037
     2540       0.0254000  1.00E-05    -0.4998390414299693     0.4998390414299693    -0.0126986371830786     0.0126986371830787     0.0126732190192386    -0.0126732190192387    -0.4998390408885499     0.4998390408885499
     2550       0.0255000  1.00E-05    -0.4998377716138799     0.4998377716138799    -0.0127486210237181     0.0127486210237181     0.0127231027451000    -0.0127231027451001    -0.4998377710690163     0.4998377710690163
     2560       0.0256000  1.00E-05    -0.4998364968094245     0.4998364968094245    -0.0127986047371261     0.0127986047371262     0.0127729863432202    -0.0127729863432202    -0.4998364962611162     0.4998364962611162
     2570       0.0257000  1.00E-05    -0.4998352170166158     0.4998352170166158    -0.0128485883228040     0.0128485883228041     0.0128228698130982    -0.0128228698130983    -0.4998352164648623     0.4998352164648623
     2580       0.0258000  1.00E-05    -0.4998339322354663     0.4998339322354663    -0.0128985717802528     0.0128985717802529     0.0128727531542334    -0.0128727531542335    -0.4998339316802677     0.4998339316802677
     2590       0.0259000  1.00E-05    -0.4998326424659894     0.4998326424659894    -0.0129485551089738     0.0129485551089738     0.0129226363661248    -0.0129226363661249    -0.4998326419073453     0.4998326419073453
     2600       0.0260000  1.00E-05    -0.4998313477081975     0.4998313477081975    -0.0129985383084680     0.0129985383084681     0.0129725194482717    -0.0129725194482718    -0.4998313471461083     0.4998313471461083
     2610       0.0261000  1.00E-05    -0.4998300479621040     0.4998300479621040    -0.0130485213782367     0.0130485213782368     0.0130224024001732    -0.0130224024001733    -0.4998300473965699     0.4998300473965699
     2620       0.0262000  1.00E-05    -0.4998287432277219     0.4998287432277219    -0.0130985043177810     0.0130985043177811     0.0130722852213285    -0.0130722852213286    -0.4998287426587432     0.4998287426587432
     2630       0.0263000  1.00E-05    -0.4998274335050642     0.4998274335050642    -0.0131484871266022     0.0131484871266022     0.0131221679112367    -0.0131221679112368    -0.4998274329326416     0.4998274329326416
     2640       0.0264000  1.00E-05    -0.4998261187941440     0.4998261187941440    -0.0131984698042013     0.0131984698042014     0.0131720504693971    -0.0131720504693972    -0.4998261182182783     0.4998261182182783
     2650       0.0265000  1.00E-05    -0.4998247990949745     0.4998247990949745    -0.0132484523500796     0.0132484523500796     0.0132219328953088    -0.0132219328953089    -0.4998247985156667     0.4998247985156667
     2660       0.0266000  1.00E-05    -0.4998234744075692     0.4998234744075692    -0.0132984347637382     0.0132984347637382     0.0132718151884710    -0.0132718151884711    -0.4998234738248203     0.4998234738248203
     2670       0.0267000  1.00E-05    -0.4998221447319414     0.4998221447319414    -0.0133484170446783     0.0133484170446783     0.0133216973483829    -0.0133216973483830    -0.4998221441457525     0.4998221441457525
     2680       0.0268000  1.00E-05    -0.4998208100681041     0.4998208100681041    -0.0133983991924010     0.0133983991924011     0.0133715793745437    -0.0133715793745437    -0.4998208094784767     0.4998208094784767
     2690       0.0269000  1.00E-05    -0.4998194704160709     0.4998194704160709    -0.0134483812064077     0.0134483812064077     0.0134214612664525    -0.0134214612664525    -0.4998194698230065     0.4998194698230065
     2700       0.0270000  1.00E-05    -0.4998181257758553     0.4998181257758553    -0.0134983630861994     0.0134983630861994     0.0134713430236085    -0.0134713430236086    -0.4998181251793555     0.4998181251793555
     2710       0.0271000  1.00E-05    -0.4998167761474707     0.4998167761474707    -0.0135483448312773     0.0135483448312773     0.0135212246455109    -0.0135212246455110    -0.4998167755475375     0.4998167755475375
     2720       0.0272000  1.00E-05    -0.4998154215309305     0.4998154215309305    -0.0135983264411426     0.0135983264411426     0.0135711061316590    -0.0135711061316590    -0.4998154209275659     0.4998154209275659
     2730       0.0273000  1.00E-05    -0.4998140619262487     0.4998140619262487    -0.0136483079152965     0.0136483079152966     0.0136209874815518    -0.0136209874815519    -0.4998140613194548     0.4998140613194548
     2740       0.0274000  1.00E-05    -0.4998126973334388     0.4998126973334388    -0.0136982892532402     0.0136982892532403     0.0136708686946887    -0.0136708686946887    -0.4998126967232182     0.4998126967232182
     2750       0.0275000  1.00E-05    -0.4998113277525144     0.4998113277525144    -0.0137482704544749     0.0137482704544749     0.0137207497705687    -0.0137207497705687    -0.4998113271388692     0.4998113271388692
     2760       0.0276000  1.00E-05    -0.4998099531834893     0.4998099531834893    -0.0137982515185017     0.0137982515185018     0.0137706307086910    -0.0137706307086911    -0.4998099525664223     0.4998099525664223
     2770       0.0277000  1.00E-05    -0.4998085736263773     0.4998085736263773    -0.0138482324448219     0.0138482324448219     0.0138205115085550    -0.0138205115085551    -0.4998085730058914     0.4998085730058914
     2780       0.0278000  1.00E-05    -0.4998071890811922     0.4998071890811922    -0.0138982132329366     0.0138982132329367     0.0138703921696597    -0.0138703921696598    -0.4998071884572904     0.4998071884572904
     2790       0.0279000  1.00E-05    -0.4998057995479479     0.4998057995479479    -0.0139481938823471     0.0139481938823471     0.0139202726915044    -0.0139202726915044    -0.4998057989206335     0.4998057989206335
     2800       0.0280000  1.00E-05    -0.4998044050266586     0.4998044050266586    -0.0139981743925545     0.0139981743925545     0.0139701530735882    -0.0139701530735883    -0.4998044043959348     0.4998044043959348
     2810       0.0281000  1.00E-05    -0.4998030055173380     0.4998030055173380    -0.0140481547630600     0.0140481547630601     0.0140200333154104    -0.0140200333154105    -0.4998030048832082     0.4998030048832082
     2820       0.0282000  1.00E-05    -0.4998016010200001     0.4998016010200001    -0.0140981349933648     0.0140981349933649     0.0140699134164702    -0.0140699134164702    -0.4998016003824683     0.4998016003824683
     2830       0.0283000  1.00E-05    -0.4998001915346592     0.4998001915346592    -0.0141481150829702     0.0141481150829703     0.0141197933762667    -0.0141197933762668    -0.4998001908937293     0.4998001908937293
     2840       0.0284000  1.00E-05    -0.4997987770613294     0.4997987770613294    -0.0141980950313773     0.0141980950313774     0.0141696731942992    -0.0141696731942993    -0.4997987764170053     0.4997987764170053
     2850       0.0285000  1.00E-05    -0.4997973576000250     0.4997973576000250    -0.0142480748380874     0.0142480748380874     0.0142195528700669    -0.0142195528700670    -0.4997973569523106     0.4997973569523106
     2860       0.0286000  1.00E-05    -0.4997959331507601     0.4997959331507601    -0.0142980545026015     0.0142980545026016     0.0142694324030690    -0.0142694324030691    -0.4997959324996598     0.4997959324996598
     2870       0.0287000  1.00E-05    -0.4997945037135492     0.4997945037135492    -0.0143480340244210     0.0143480340244211     0.0143193117928047    -0.0143193117928048    -0.4997945030590675     0.4997945030590675
     2880       0.0288000  1.00E-05    -0.4997930692884063     0.4997930692884063    -0.0143980134030471     0.0143980134030471     0.0143691910387732    -0.0143691910387733    -0.4997930686305482     0.4997930686305482
     2890       0.0289000  1.00E-05    -0.4997916298753462     0.4997916298753462    -0.0144479926379809     0.0144479926379809     0.0144190701404737    -0.0144190701404738    -0.4997916292141162     0.4997916292141162
     2900       0.0290000  1.00E-05    -0.4997901854743830     0.4997901854743830    -0.0144979717287236     0.0144979717287237     0.0144689490974055    -0.0144689490974056    -0.4997901848097863     0.4997901848097863
     2910       0.0291000  1.00E-05    -0.4997887360855316     0.4997887360855316    -0.0145479506747766     0.0145479506747766     0.0145188279090677    -0.0145188279090678    -0.4997887354175734     0.4997887354175734
     2920       0.0292000  1.00E-05    -0.4997872817088062     0.4997872817088062    -0.0145979294756409     0.0145979294756409     0.0145687065749596    -0.0145687065749597    -0.4997872810374919     0.4997872810374919
     2930       0.0293000  1.00E-05    -0.4997858223442214     0.4997858223442214    -0.0146479081308178     0.0146479081308179     0.0146185850945804    -0.0146185850945804    -0.4997858216695567     0.4997858216695567
     2940       0.0294000  1.00E-05    -0.4997843579917922     0.4997843579917922    -0.0146978866398085     0.0146978866398086     0.0146684634674293    -0.0146684634674293    -0.4997843573137825     0.4997843573137825
     2950       0.0295000  1.00E-05    -0.4997828886515329     0.4997828886515329    -0.0147478650021143     0.0147478650021144     0.0147183416930055    -0.0147183416930055    -0.4997828879701843     0.4997828879701843
     2960       0.0296000  1.00E-05    -0.4997814143234587     0.4997814143234587    -0.0147978432172363     0.0147978432172364     0.0147682197708083    -0.0147682197708083    -0.4997814136387769     0.4997814136387769
     2970       0.0297000  1.00E-05    -0.4997799350075840     0.4997799350075840    -0.0148478212846758     0.0148478212846759     0.0148180977003368    -0.0148180977003369    -0.4997799343195757     0.4997799343195757
     2980       0.0298000  1.00E-05    -0.4997784507039236     0.4997784507039236    -0.0148977992039340     0.0148977992039340     0.0148679754810904    -0.0148679754810904    -0.4997784500125953     0.4997784500125953
     2990       0.0299000  1.00E-05    -0.4997769614124928     0.4997769614124928    -0.0149477769745121     0.0149477769745121     0.0149178531125682    -0.0149178531125682    -0.4997769607178509     0.4997769607178509
     3000       0.0300000  1.00E-05    -0.4997754671333062     0.4997754671333062    -0.0149977545959113     0.0149977545959113     0.0149677305942695    -0.0149677305942695    -0.4997754664353578     0.4997754664353578
     3010       0.0301000  1.00E-05    -0.4997739678663791     0.4997739678663791    -0.0150477320676329     0.0150477320676329     0.0150176079256934    -0.0150176079256935    -0.4997739671651310     0.4997739671651310
     3020       0.0302000  1.00E-05    -0.4997724636117262     0.4997724636117262    -0.0150977093891780     0.0150977093891781     0.0150674851063393    -0.0150674851063394    -0.4997724629071856     0.4997724629071856
     3030       0.0303000  1.00E-05    -0.4997709543693630     0.4997709543693630    -0.0151476865600480     0.0151476865600481     0.0151173621357064    -0.0151173621357064    -0.4997709536615372     0.4997709536615372
     3040       0.0304000  1.00E-05    -0.4997694401393044     0.4997694401393044    -0.0151976635797441     0.0151976635797442     0.0151672390132939    -0.0151672390132939    -0.4997694394282009     0.4997694394282009
     3050       0.0305000  1.00E-05    -0.4997679209215655     0.4997679209215655    -0.0152476404477674     0.0152476404477675     0.0152171157386010    -0.0152171157386010    -0.4997679202071920     0.4997679202071920
     3060       0.0306000  1.00E-05    -0.4997663967161617     0.4997663967161617    -0.0152976171636193     0.0152976171636193     0.0152669923111269    -0.0152669923111270    -0.4997663959985263     0.4997663959985263
     3070       0.0307000  1.00E-05    -0.4997648675231083     0.4997648675231083    -0.0153475937268009     0.0153475937268009     0.0153168687303710    -0.0153168687303711    -0.4997648668022189     0.4997648668022189
     3080       0.0308000  1.00E-05    -0.4997633333424208     0.4997633333424208    -0.0153975701368135     0.0153975701368135     0.0153667449958325    -0.0153667449958325    -0.4997633326182857     0.4997633326182857
     3090       0.0309000  1.00E-05    -0.4997617941741144     0.4997617941741144    -0.0154475463931583     0.0154475463931583     0.0154166211070105    -0.0154166211070106    -0.4997617934467420     0.4997617934467420
     3100       0.0310000  1.00E-05    -0.4997602500182046     0.4997602500182046    -0.0154975224953366     0.0154975224953366     0.0154664970634044    -0.0154664970634045    -0.4997602492876037     0.4997602492876037
     3110       0.0311000  1.00E-05    -0.4997587008747069     0.4997587008747069    -0.0155474984428496     0.0155474984428496     0.0155163728645134    -0.0155163728645135    -0.4997587001408861     0.4997587001408861
     3120       0.0312000  1.00E-05    -0.4997571467436369     0.4997571467436369    -0.0155974742351985     0.0155974742351986     0.0155662485098368    -0.0155662485098368    -0.4997571460066052     0.4997571460066052
     3130       0.0313000  1.00E-05    -0.4997555876250102     0.4997555876250102    -0.0156474498718846     0.0156474498718847     0.0156161239988737    -0.0156161239988738    -0.4997555868847769     0.4997555868847769
