#----it-----------t-----------dt--------------xq1--------------------xq2--------------------yq1--------------------yq2-------------------vxq1-------------------vxq2-------------------vyq1-------------------vyq2----------
        0       0.0000000  1.00E-05    -0.5000000000000000     0.5000000000000000     0.0000000000000001     0.0000000000000000    -0.0000000000000001     0.0000000000000000    -0.5000000000000000     0.5000000000000000
      100       0.0010000  1.00E-05    -0.4999997995811014     0.4999997995811014    -0.0004999999300641     0.0004999999300641     0.0004008377462545    -0.0004008377462546    -0.4999997901924530     0.4999997901924530
      200       0.0020000  1.00E-05    -0.4999991983247130     0.4999991983247130    -0.0009999994405133     0.0009999994405134     0.0008016748772371    -0.0008016748772371    -0.4999991607704071     0.4999991607704071
      300       0.0030000  1.00E-05    -0.4999981962317573     0.4999981962317573    -0.0014999981117340     0.0014999981117340     0.0012025107776787    -0.0012025107776788    -0.4999981117356508     0.4999981117356508
      400       0.0040000  1.00E-05    -0.4999967933037729     0.4999967933037729    -0.0019999955241147     0.0019999955241148     0.0016033448323163    -0.0016033448323164    -0.4999966430911628     0.4999966430911628
      500       0.0050000  1.00E-05    -0.4999949895429132     0.4999949895429132    -0.0024999912580478     0.0024999912580478     0.0020041764258960    -0.0020041764258960    -0.4999947548411151     0.4999947548411151
      600       0.0060000  1.00E-05    -0.4999927849519467     0.4999927849519467    -0.0029999848939302     0.0029999848939303     0.0024050049431756    -0.0024050049431757    -0.4999924469908698     0.4999924469908698
      700       0.0070000  1.00E-05    -0.4999901795342573     0.4999901795342573    -0.0034999760121650     0.0034999760121650     0.0028058297689283    -0.0028058297689283    -0.4999897195469822     0.4999897195469822
      800       0.0080000  1.00E-05    -0.4999871732938445     0.4999871732938445    -0.0039999641931622     0.0039999641931622     0.0032066502879448    -0.0032066502879449    -0.4999865725171984     0.4999865725171984
      900       0.0090000  1.00E-05    -0.4999837662353219     0.4999837662353219    -0.0044999490173404     0.0044999490173404     0.0036074658850373    -0.0036074658850373    -0.4999830059104562     0.4999830059104562
     1000       0.0100000  1.00E-05    -0.4999799583639193     0.4999799583639193    -0.0049999300651275     0.0049999300651275     0.0040082759450415    -0.0040082759450416    -0.4999790197368850     0.4999790197368850
     1100       0.0110000  1.00E-05    -0.4999757496854819     0.4999757496854819    -0.0054999069169623     0.0054999069169623     0.0044090798528204    -0.0044090798528205    -0.4999746140078059     0.4999746140078059
     1200       0.0120000  1.00E-05    -0.4999711402064688     0.4999711402064688    -0.0059998791532954     0.0059998791532955     0.0048098769932668    -0.0048098769932669    -0.4999697887357317     0.4999697887357317
     1300       0.0130000  1.00E-05    -0.4999661299339562     0.4999661299339562    -0.0064998463545906     0.0064998463545907     0.0052106667513066    -0.0052106667513067    -0.4999645439343646     0.4999645439343646
     1400       0.0140000  1.00E-05    -0.4999607188756329     0.4999607188756329    -0.0069998081013260     0.0069998081013260     0.0056114485119015    -0.0056114485119016    -0.4999588796186003     0.4999588796186003
     1500       0.0150000  1.00E-05    -0.4999549070398037     0.4999549070398037    -0.0074997639739950     0.0074997639739951     0.0060122216600523    -0.0060122216600524    -0.4999527958045240     0.4999527958045240
     1600       0.0160000  1.00E-05    -0.4999486944353890     0.4999486944353890    -0.0079997135531080     0.0079997135531081     0.0064129855808017    -0.0064129855808017    -0.4999462925094120     0.4999462925094120
     1700       0.0170000  1.00E-05    -0.4999420810719230     0.4999420810719230    -0.0084996564191930     0.0084996564191931     0.0068137396592372    -0.0068137396592372    -0.4999393697517316     0.4999393697517316
     1800       0.0180000  1.00E-05    -0.4999350669595565     0.4999350669595565    -0.0089995921527971     0.0089995921527972     0.0072144832804944    -0.0072144832804945    -0.4999320275511417     0.4999320275511417
     1900       0.0190000  1.00E-05    -0.4999276521090527     0.4999276521090527    -0.0094995203344879     0.0094995203344880     0.0076152158297599    -0.0076152158297600    -0.4999242659284895     0.4999242659284895
     2000       0.0200000  1.00E-05    -0.4999198365317924     0.4999198365317924    -0.0099994405448541     0.0099994405448542     0.0080159366922741    -0.0080159366922742    -0.4999160849058147     0.4999160849058147
     2100       0.0210000  1.00E-05    -0.4999116202397682     0.4999116202397682    -0.0104993523645073     0.0104993523645073     0.0084166452533343    -0.0084166452533344    -0.4999074845063464     0.4999074845063464
     2200       0.0220000  1.00E-05    -0.4999030032455904     0.4999030032455904    -0.0109992553740827     0.0109992553740827     0.0088173408982977    -0.0088173408982978    -0.4998984647545035     0.4998984647545035
     2300       0.0230000  1.00E-05    -0.4998939855624820     0.4998939855624820    -0.0114991491542407     0.0114991491542407     0.0092180230125846    -0.0092180230125846    -0.4998890256758941     0.4998890256758941
     2400       0.0240000  1.00E-05    -0.4998845672042802     0.4998845672042802    -0.0119990332856678     0.0119990332856679     0.0096186909816808    -0.0096186909816809    -0.4998791672973177     0.4998791672973177
     2500       0.0250000  1.00E-05    -0.4998747481854381     0.4998747481854381    -0.0124989073490780     0.0124989073490780     0.0100193441911414    -0.0100193441911414    -0.4998688896467612     0.4998688896467612
     2600       0.0260000  1.00E-05    -0.4998645285210228     0.4998645285210228    -0.0129987709252137     0.0129987709252138     0.0104199820265930    -0.0104199820265931    -0.4998581927534028     0.4998581927534028
     2700       0.0270000  1.00E-05    -0.4998539082267149     0.4998539082267149    -0.0134986235948473     0.0134986235948474     0.0108206038737373    -0.0108206038737374    -0.4998470766476082     0.4998470766476082
     2800       0.0280000  1.00E-05    -0.4998428873188098     0.4998428873188098    -0.0139984649387820     0.0139984649387820     0.0112212091183538    -0.0112212091183539    -0.4998355413609322     0.4998355413609322
     2900       0.0290000  1.00E-05    -0.4998314658142171     0.4998314658142171    -0.0144982945378531     0.0144982945378531     0.0116217971463027    -0.0116217971463028    -0.4998235869261180     0.4998235869261180
     3000       0.0300000  1.00E-05    -0.4998196437304608     0.4998196437304608    -0.0149981119729294     0.0149981119729295     0.0120223673435282    -0.0120223673435283    -0.4998112133770972     0.4998112133770972
     3100       0.0310000  1.00E-05    -0.4998074210856788     0.4998074210856788    -0.0154979168249143     0.0154979168249143     0.0124229190960611    -0.0124229190960611    -0.4997984207489896     0.4997984207489896
     3200       0.0320000  1.00E-05    -0.4997947978986222     0.4997947978986222    -0.0159977086747465     0.0159977086747465     0.0128234517900220    -0.0128234517900221    -0.4997852090781021     0.4997852090781021
     3300       0.0330000  1.00E-05    -0.4997817741886570     0.4997817741886570    -0.0164974871034020     0.0164974871034021     0.0132239648116245    -0.0132239648116246    -0.4997715784019303     0.4997715784019303
     3400       0.0340000  1.00E-05    -0.4997683499757615     0.4997683499757615    -0.0169972516918948     0.0169972516918949     0.0136244575471777    -0.0136244575471777    -0.4997575287591551     0.4997575287591551
     3500       0.0350000  1.00E-05    -0.4997545252805290     0.4997545252805290    -0.0174970020212781     0.0174970020212781     0.0140249293830894    -0.0140249293830895    -0.4997430601896464     0.4997430601896464
     3600       0.0360000  1.00E-05    -0.4997403001241659     0.4997403001241659    -0.0179967376726455     0.0179967376726456     0.0144253797058694    -0.0144253797058694    -0.4997281727344601     0.4997281727344601
     3700       0.0370000  1.00E-05    -0.4997256745284927     0.4997256745284927    -0.0184964582271325     0.0184964582271325     0.0148258079021317    -0.0148258079021318    -0.4997128664358373     0.4997128664358373
     3800       0.0380000  1.00E-05    -0.4997106485159418     0.4997106485159418    -0.0189961632659172     0.0189961632659172     0.0152262133585985    -0.0152262133585986    -0.4996971413372056     0.4996971413372056
     3900       0.0390000  1.00E-05    -0.4996952221095602     0.4996952221095602    -0.0194958523702217     0.0194958523702218     0.0156265954621022    -0.0156265954621023    -0.4996809974831786     0.4996809974831786
     4000       0.0400000  1.00E-05    -0.4996793953330069     0.4996793953330069    -0.0199955251213136     0.0199955251213137     0.0160269535995891    -0.0160269535995891    -0.4996644349195561     0.4996644349195561
     4100       0.0410000  1.00E-05    -0.4996631682105542     0.4996631682105542    -0.0204951811005067     0.0204951811005067     0.0164272871581218    -0.0164272871581219    -0.4996474536933203     0.4996474536933203
     4200       0.0420000  1.00E-05    -0.4996465407670878     0.4996465407670878    -0.0209948198891622     0.0209948198891622     0.0168275955248827    -0.0168275955248828    -0.4996300538526404     0.4996300538526404
     4300       0.0430000  1.00E-05    -0.4996295130281062     0.4996295130281062    -0.0214944410686902     0.0214944410686903     0.0172278780871767    -0.0172278780871767    -0.4996122354468682     0.4996122354468682
     4400       0.0440000  1.00E-05    -0.4996120850197187     0.4996120850197187    -0.0219940442205510     0.0219940442205511     0.0176281342324340    -0.0176281342324341    -0.4995939985265407     0.4995939985265407
     4500       0.0450000  1.00E-05    -0.4995942567686505     0.4995942567686505    -0.0224936289262557     0.0224936289262558     0.0180283633482135    -0.0180283633482135    -0.4995753431433771     0.4995753431433771
     4600       0.0460000  1.00E-05    -0.4995760283022360     0.4995760283022360    -0.0229931947673678     0.0229931947673678     0.0184285648222053    -0.0184285648222054    -0.4995562693502810     0.4995562693502810
     4700       0.0470000  1.00E-05    -0.4995573996484234     0.4995573996484234    -0.0234927413255043     0.0234927413255043     0.0188287380422341    -0.0188287380422342    -0.4995367772013382     0.4995367772013382
     4800       0.0480000  1.00E-05    -0.4995383708357730     0.4995383708357730    -0.0239922681823369     0.0239922681823370     0.0192288823962619    -0.0192288823962620    -0.4995168667518163     0.4995168667518163
     4900       0.0490000  1.00E-05    -0.4995189418934566     0.4995189418934566    -0.0244917749195932     0.0244917749195933     0.0196289972723910    -0.0196289972723911    -0.4994965380581645     0.4994965380581645
     5000       0.0500000  1.00E-05    -0.4994991128512583     0.4994991128512583    -0.0249912611190578     0.0249912611190578     0.0200290820588669    -0.0200290820588670    -0.4994757911780145     0.4994757911780145
     5100       0.0510000  1.00E-05    -0.4994788837395727     0.4994788837395727    -0.0254907263625733     0.0254907263625734     0.0204291361440815    -0.0204291361440816    -0.4994546261701784     0.4994546261701784
     5200       0.0520000  1.00E-05    -0.4994582545894077     0.4994582545894077    -0.0259901702320422     0.0259901702320423     0.0208291589165758    -0.0208291589165759    -0.4994330430946498     0.4994330430946498
     5300       0.0530000  1.00E-05    -0.4994372254323812     0.4994372254323812    -0.0264895923094271     0.0264895923094272     0.0212291497650430    -0.0212291497650430    -0.4994110420126007     0.4994110420126007
     5400       0.0540000  1.00E-05    -0.4994157963007225     0.4994157963007225    -0.0269889921767526     0.0269889921767527     0.0216291080783313    -0.0216291080783314    -0.4993886229863833     0.4993886229863833
     5500       0.0550000  1.00E-05    -0.4993939672272730     0.4993939672272730    -0.0274883694161063     0.0274883694161064     0.0220290332454472    -0.0220290332454473    -0.4993657860795307     0.4993657860795307
     5600       0.0560000  1.00E-05    -0.4993717382454839     0.4993717382454839    -0.0279877236096397     0.0279877236096398     0.0224289246555580    -0.0224289246555581    -0.4993425313567521     0.4993425313567521
     5700       0.0570000  1.00E-05    -0.4993491093894173     0.4993491093894173    -0.0284870543395698     0.0284870543395698     0.0228287816979951    -0.0228287816979951    -0.4993188588839372     0.4993188588839372
     5800       0.0580000  1.00E-05    -0.4993260806937469     0.4993260806937469    -0.0289863611881799     0.0289863611881800     0.0232286037622566    -0.0232286037622567    -0.4992947687281512     0.4992947687281512
     5900       0.0590000  1.00E-05    -0.4993026521937552     0.4993026521937552    -0.0294856437378212     0.0294856437378212     0.0236283902380108    -0.0236283902380108    -0.4992702609576383     0.4992702609576383
     6000       0.0600000  1.00E-05    -0.4992788239253370     0.4992788239253370    -0.0299849015709134     0.0299849015709135     0.0240281405150985    -0.0240281405150985    -0.4992453356418183     0.4992453356418183
     6100       0.0610000  1.00E-05    -0.4992545959249943     0.4992545959249943    -0.0304841342699466     0.0304841342699466     0.0244278539835364    -0.0244278539835364    -0.4992199928512882     0.4992199928512882
     6200       0.0620000  1.00E-05    -0.4992299682298422     0.4992299682298422    -0.0309833414174817     0.0309833414174817     0.0248275300335198    -0.0248275300335199    -0.4991942326578196     0.4991942326578196
     6300       0.0630000  1.00E-05    -0.4992049408776033     0.4992049408776033    -0.0314825225961522     0.0314825225961522     0.0252271680554258    -0.0252271680554258    -0.4991680551343599     0.4991680551343599
     6400       0.0640000  1.00E-05    -0.4991795139066108     0.4991795139066108    -0.0319816773886651     0.0319816773886651     0.0256267674398158    -0.0256267674398158    -0.4991414603550302     0.4991414603550302
     6500       0.0650000  1.00E-05    -0.4991536873558061     0.4991536873558061    -0.0324808053778020     0.0324808053778021     0.0260263275774389    -0.0260263275774389    -0.4991144483951264     0.4991144483951264
     6600       0.0660000  1.00E-05    -0.4991274612647406     0.4991274612647406    -0.0329799061464206     0.0329799061464206     0.0264258478592346    -0.0264258478592346    -0.4990870193311178     0.4990870193311178
     6700       0.0670000  1.00E-05    -0.4991008356735752     0.4991008356735752    -0.0334789792774554     0.0334789792774554     0.0268253276763356    -0.0268253276763356    -0.4990591732406462     0.4990591732406462
     6800       0.0680000  1.00E-05    -0.4990738106230788     0.4990738106230788    -0.0339780243539192     0.0339780243539193     0.0272247664200711    -0.0272247664200711    -0.4990309102025257     0.4990309102025257
     6900       0.0690000  1.00E-05    -0.4990463861546292     0.4990463861546292    -0.0344770409589045     0.0344770409589046     0.0276241634819694    -0.0276241634819694    -0.4990022302967422     0.4990022302967422
     7000       0.0700000  1.00E-05    -0.4990185623102119     0.4990185623102119    -0.0349760286755839     0.0349760286755839     0.0280235182537610    -0.0280235182537611    -0.4989731336044530     0.4989731336044530
     7100       0.0710000  1.00E-05    -0.4989903391324212     0.4989903391324212    -0.0354749870872119     0.0354749870872120     0.0284228301273814    -0.0284228301273814    -0.4989436202079846     0.4989436202079846
     7200       0.0720000  1.00E-05    -0.4989617166644595     0.4989617166644595    -0.0359739157771262     0.0359739157771263     0.0288220984949741    -0.0288220984949742    -0.4989136901908344     0.4989136901908344
     7300       0.0730000  1.00E-05    -0.4989326949501361     0.4989326949501361    -0.0364728143287483     0.0364728143287484     0.0292213227488935    -0.0292213227488936    -0.4988833436376693     0.4988833436376693
     7400       0.0740000  1.00E-05    -0.4989032740338685     0.4989032740338685    -0.0369716823255848     0.0369716823255849     0.0296205022817078    -0.0296205022817079    -0.4988525806343240     0.4988525806343240
     7500       0.0750000  1.00E-05    -0.4988734539606821     0.4988734539606821    -0.0374705193512292     0.0374705193512292     0.0300196364862020    -0.0300196364862021    -0.4988214012678016     0.4988214012678016
     7600       0.0760000  1.00E-05    -0.4988432347762076     0.4988432347762076    -0.0379693249893621     0.0379693249893622     0.0304187247553807    -0.0304187247553808    -0.4987898056262713     0.4987898056262713
     7700       0.0770000  1.00E-05    -0.4988126165266848     0.4988126165266848    -0.0384680988237532     0.0384680988237532     0.0308177664824710    -0.0308177664824710    -0.4987577937990706     0.4987577937990706
     7800       0.0780000  1.00E-05    -0.4987815992589587     0.4987815992589587    -0.0389668404382619     0.0389668404382619     0.0312167610609254    -0.0312167610609254    -0.4987253658767017     0.4987253658767017
     7900       0.0790000  1.00E-05    -0.4987501830204811     0.4987501830204811    -0.0394655494168387     0.0394655494168388     0.0316157078844248    -0.0316157078844249    -0.4986925219508327     0.4986925219508327
     8000       0.0800000  1.00E-05    -0.4987183678593100     0.4987183678593100    -0.0399642253435265     0.0399642253435266     0.0320146063468815    -0.0320146063468816    -0.4986592621142962     0.4986592621142962
     8100       0.0810000  1.00E-05    -0.4986861538241092     0.4986861538241092    -0.0404628678024617     0.0404628678024618     0.0324134558424420    -0.0324134558424421    -0.4986255864610884     0.4986255864610884
     8200       0.0820000  1.00E-05    -0.4986535409641487     0.4986535409641487    -0.0409614763778749     0.0409614763778750     0.0328122557654894    -0.0328122557654895    -0.4985914950863689     0.4985914950863689
     8300       0.0830000  1.00E-05    -0.4986205293293044     0.4986205293293044    -0.0414600506540928     0.0414600506540929     0.0332110055106473    -0.0332110055106474    -0.4985569880864594     0.4985569880864594
     8400       0.0840000  1.00E-05    -0.4985871189700551     0.4985871189700551    -0.0419585902155386     0.0419585902155387     0.0336097044727817    -0.0336097044727818    -0.4985220655588434     0.4985220655588434
     8500       0.0850000  1.00E-05    -0.4985533099374884     0.4985533099374884    -0.0424570946467341     0.0424570946467342     0.0340083520470047    -0.0340083520470047    -0.4984867276021661     0.4984867276021661
     8600       0.0860000  1.00E-05    -0.4985191022832928     0.4985191022832928    -0.0429555635322999     0.0429555635322999     0.0344069476286767    -0.0344069476286767    -0.4984509743162321     0.4984509743162321
     8700       0.0870000  1.00E-05    -0.4984844960597632     0.4984844960597632    -0.0434539964569571     0.0434539964569572     0.0348054906134097    -0.0348054906134097    -0.4984148058020051     0.4984148058020051
     8800       0.0880000  1.00E-05    -0.4984494913197996     0.4984494913197996    -0.0439523930055285     0.0439523930055286     0.0352039803970700    -0.0352039803970701    -0.4983782221616089     0.4983782221616089
     8900       0.0890000  1.00E-05    -0.4984140881169042     0.4984140881169042    -0.0444507527629394     0.0444507527629395     0.0356024163757814    -0.0356024163757815    -0.4983412234983247     0.4983412234983247
     9000       0.0900000  1.00E-05    -0.4983782865051842     0.4983782865051842    -0.0449490753142190     0.0449490753142191     0.0360007979459276    -0.0360007979459276    -0.4983038099165902     0.4983038099165902
     9100       0.0910000  1.00E-05    -0.4983420865393494     0.4983420865393494    -0.0454473602445016     0.0454473602445017     0.0363991245041554    -0.0363991245041555    -0.4982659815220009     0.4982659815220009
     9200       0.0920000  1.00E-05    -0.4983054882747137     0.4983054882747137    -0.0459456071390276     0.0459456071390277     0.0367973954473775    -0.0367973954473775    -0.4982277384213067     0.4982277384213067
     9300       0.0930000  1.00E-05    -0.4982684917671938     0.4982684917671938    -0.0464438155831448     0.0464438155831449     0.0371956101727751    -0.0371956101727752    -0.4981890807224122     0.4981890807224122
     9400       0.0940000  1.00E-05    -0.4982310970733086     0.4982310970733086    -0.0469419851623094     0.0469419851623094     0.0375937680778013    -0.0375937680778014    -0.4981500085343775     0.4981500085343775
     9500       0.0950000  1.00E-05    -0.4981933042501797     0.4981933042501797    -0.0474401154620872     0.0474401154620873     0.0379918685601835    -0.0379918685601835    -0.4981105219674140     0.4981105219674140
     9600       0.0960000  1.00E-05    -0.4981551133555304     0.4981551133555304    -0.0479382060681550     0.0479382060681551     0.0383899110179264    -0.0383899110179265    -0.4980706211328867     0.4980706211328867
     9700       0.0970000  1.00E-05    -0.4981165244476863     0.4981165244476863    -0.0484362565663014     0.0484362565663015     0.0387878948493151    -0.0387878948493152    -0.4980303061433119     0.4980303061433119
     9800       0.0980000  1.00E-05    -0.4980775375855739     0.4980775375855739    -0.0489342665424279     0.0489342665424280     0.0391858194529174    -0.0391858194529175    -0.4979895771123572     0.4979895771123572
     9900       0.0990000  1.00E-05    -0.4980381528287233     0.4980381528287233    -0.0494322355825506     0.0494322355825507     0.0395836842275872    -0.0395836842275873    -0.4979484341548379     0.4979484341548379
    10000       0.1000000  1.00E-05    -0.4979983702372625     0.4979983702372625    -0.0499301632728007     0.0499301632728008     0.0399814885724670    -0.0399814885724670    -0.4979068773867209     0.4979068773867209
    10100       0.1010000  1.00E-05    -0.4979581898719220     0.4979581898719220    -0.0504280491994262     0.0504280491994263     0.0403792318869908    -0.0403792318869909    -0.4978649069251201     0.4978649069251201
    10200       0.1020000  1.00E-05    -0.4979176117940322     0.4979176117940322    -0.0509258929487927     0.0509258929487927     0.0407769135708873    -0.0407769135708874    -0.4978225228882964     0.4978225228882964
    10300       0.1030000  1.00E-05    -0.4978766360655235     0.4978766360655235    -0.0514236941073842     0.0514236941073843     0.0411745330241822    -0.0411745330241823    -0.4977797253956567     0.4977797253956567
    10400       0.1040000  1.00E-05    -0.4978352627489269     0.4978352627489269    -0.0519214522618055     0.0519214522618055     0.0415720896472013    -0.0415720896472014    -0.4977365145677543     0.4977365145677543
    10500       0.1050000  1.00E-05    -0.4977934919073719     0.4977934919073719    -0.0524191669987819     0.0524191669987820     0.0419695828405733    -0.0419695828405734    -0.4976928905262868     0.4976928905262868
    10600       0.1060000  1.00E-05    -0.4977513236045879     0.4977513236045879    -0.0529168379051611     0.0529168379051612     0.0423670120052328    -0.0423670120052328    -0.4976488533940954     0.4976488533940954
    10700       0.1070000  1.00E-05    -0.4977087579049032     0.4977087579049032    -0.0534144645679145     0.0534144645679145     0.0427643765424227    -0.0427643765424227    -0.4976044032951636     0.4976044032951636
    10800       0.1080000  1.00E-05    -0.4976657948732442     0.4976657948732442    -0.0539120465741376     0.0539120465741377     0.0431616758536973    -0.0431616758536973    -0.4975595403546177     0.4975595403546177
    10900       0.1090000  1.00E-05    -0.4976224345751370     0.4976224345751370    -0.0544095835110519     0.0544095835110520     0.0435589093409253    -0.0435589093409253    -0.4975142646987241     0.4975142646987241
    11000       0.1100000  1.00E-05    -0.4975786770767034     0.4975786770767034    -0.0549070749660057     0.0549070749660058     0.0439560764062922    -0.0439560764062922    -0.4974685764548890     0.4974685764548890
    11100       0.1110000  1.00E-05    -0.4975345224446646     0.4975345224446646    -0.0554045205264752     0.0554045205264753     0.0443531764523035    -0.0443531764523035    -0.4974224757516572     0.4974224757516572
    11200       0.1120000  1.00E-05    -0.4974899707463383     0.4974899707463383    -0.0559019197800658     0.0559019197800658     0.0447502088817871    -0.0447502088817871    -0.4973759627187125     0.4973759627187125
    11300       0.1130000  1.00E-05    -0.4974450220496394     0.4974450220496394    -0.0563992723145131     0.0563992723145131     0.0451471730978965    -0.0451471730978966    -0.4973290374868761     0.4973290374868761
    11400       0.1140000  1.00E-05    -0.4973996764230796     0.4973996764230796    -0.0568965777176840     0.0568965777176840     0.0455440685041134    -0.0455440685041135    -0.4972817001881037     0.4972817001881037
    11500       0.1150000  1.00E-05    -0.4973539339357668     0.4973539339357668    -0.0573938355775781     0.0573938355775781     0.0459408945042506    -0.0459408945042507    -0.4972339509554873     0.4972339509554873
    11600       0.1160000  1.00E-05    -0.4973077946574055     0.4973077946574055    -0.0578910454823284     0.0578910454823285     0.0463376505024545    -0.0463376505024546    -0.4971857899232533     0.4971857899232533
    11700       0.1170000  1.00E-05    -0.4972612586582947     0.4972612586582947    -0.0583882070202031     0.0583882070202032     0.0467343359032083    -0.0467343359032083    -0.4971372172267600     0.4971372172267600
    11800       0.1180000  1.00E-05    -0.4972143260093299     0.4972143260093299    -0.0588853197796060     0.0588853197796060     0.0471309501113343    -0.0471309501113343    -0.4970882330024982     0.4970882330024982
