#----it-----------t-----------dt--------------xq1--------------------xq2--------------------yq1--------------------yq2-------------------vxq1-------------------vxq2-------------------vyq1-------------------vyq2----------
        0       0.0000000  1.00E-05    -0.5000000000000000     0.5000000000000000     0.0000000000000001     0.0000000000000000    -0.0000000000000001     0.0000000000000000    -0.5000000000000000     0.5000000000000000
      100       0.0010000  1.00E-05    -0.4999997995811014     0.4999997995811014    -0.0004999999300641     0.0004999999300641     0.0004008377462545    -0.0004008377462546    -0.4999997901924530     0.4999997901924530
      200       0.0020000  1.00E-05    -0.4999991983247130     0.4999991983247130    -0.0009999994405133     0.0009999994405134     0.0008016748772371    -0.0008016748772371    -0.4999991607704071     0.4999991607704071
      300       0.0030000  1.00E-05    -0.4999981962317573     0.4999981962317573    -0.0014999981117340     0.0014999981117340     0.0012025107776787    -0.0012025107776788    -0.4999981117356508     0.4999981117356508
      400       0.0040000  1.00E-05    -0.4999967933037729     0.4999967933037729    -0.0019999955241147     0.0019999955241148     0.0016033448323163    -0.0016033448323164    -0.4999966430911628     0.4999966430911628
      500       0.0050000  1.00E-05    -0.4999949895429132     0.4999949895429132    -0.0024999912580478     0.0024999912580478     0.0020041764258960    -0.0020041764258960    -0.4999947548411151     0.4999947548411151
      600       0.0060000  1.00E-05    -0.4999927849519467     0.4999927849519467    -0.0029999848939302     0.0029999848939303     0.0024050049431756    -0.0024050049431757    -0.4999924469908698     0.4999924469908698
      700       0.0070000  1.00E-05    -0.4999901795342573     0.4999901795342573    -0.0034999760121650     0.0034999760121650     0.0028058297689283    -0.0028058297689283    -0.4999897195469822     0.4999897195469822
      800       0.0080000  1.00E-05    -0.4999871732938445     0.4999871732938445    -0.0039999641931622     0.0039999641931622     0.0032066502879448    -0.0032066502879449    -0.4999865725171984     0.4999865725171984
      900       0.0090000  1.00E-05    -0.4999837662353219     0.4999837662353219    -0.0044999490173404     0.0044999490173404     0.0036074658850373    -0.0036074658850373    -0.4999830059104562     0.4999830059104562
     1000       0.0100000  1.00E-05    -0.4999799583639193     0.4999799583639193    -0.0049999300651275     0.0049999300651275     0.0040082759450415    -0.0040082759450416    -0.4999790197368850     0.4999790197368850
     1100       0.0110000  1.00E-05    -0.4999757496854819     0.4999757496854819    -0.0054999069169623     0.0054999069169623     0.0044090798528204    -0.0044090798528205    -0.4999746140078059     0.4999746140078059
     1200       0.0120000  1.00E-05    -0.4999711402064688     0.4999711402064688    -0.0059998791532954     0.0059998791532955     0.0048098769932668    -0.0048098769932669    -0.4999697887357317     0.4999697887357317
     1300       0.0130000  1.00E-05    -0.4999661299339562     0.4999661299339562    -0.0064998463545906     0.0064998463545907     0.0052106667513066    -0.0052106667513067    -0.4999645439343646     0.4999645439343646
     1400       0.0140000  1.00E-05    -0.4999607188756329     0.4999607188756329    -0.0069998081013260     0.0069998081013260     0.0056114485119015    -0.0056114485119016    -0.4999588796186003     0.4999588796186003
     1500       0.0150000  1.00E-05    -0.4999549070398037     0.4999549070398037    -0.0074997639739950     0.0074997639739951     0.0060122216600523    -0.0060122216600524    -0.4999527958045240     0.4999527958045240
     1600       0.0160000  1.00E-05    -0.4999486944353890     0.4999486944353890    -0.0079997135531080     0.0079997135531081     0.0064129855808017    -0.0064129855808017    -0.4999462925094120     0.4999462925094120
     1700       0.0170000  1.00E-05    -0.4999420810719230     0.4999420810719230    -0.0084996564191930     0.0084996564191931     0.0068137396592372    -0.0068137396592372    -0.4999393697517316     0.4999393697517316
     1800       0.0180000  1.00E-05    -0.4999350669595565     0.4999350669595565    -0.0089995921527971     0.0089995921527972     0.0072144832804944    -0.0072144832804945    -0.4999320275511417     0.4999320275511417
     1900       0.0190000  1.00E-05    -0.4999276521090527     0.4999276521090527    -0.0094995203344879     0.0094995203344880     0.0076152158297599    -0.0076152158297600    -0.4999242659284895     0.4999242659284895
     2000       0.0200000  1.00E-05    -0.4999198365317924     0.4999198365317924    -0.0099994405448541     0.0099994405448542     0.0080159366922741    -0.0080159366922742    -0.4999160849058147     0.4999160849058147
     2100       0.0210000  1.00E-05    -0.4999116202397682     0.4999116202397682    -0.0104993523645073     0.0104993523645073     0.0084166452533343    -0.0084166452533344    -0.4999074845063464     0.4999074845063464
     2200       0.0220000  1.00E-05    -0.4999030032455904     0.4999030032455904    -0.0109992553740827     0.0109992553740827     0.0088173408982977    -0.0088173408982978    -0.4998984647545035     0.4998984647545035
     2300       0.0230000  1.00E-05    -0.4998939855624820     0.4998939855624820    -0.0114991491542407     0.0114991491542407     0.0092180230125846    -0.0092180230125846    -0.4998890256758941     0.4998890256758941
     2400       0.0240000  1.00E-05    -0.4998845672042802     0.4998845672042802    -0.0119990332856678     0.0119990332856679     0.0096186909816808    -0.0096186909816809    -0.4998791672973177     0.4998791672973177
     2500       0.0250000  1.00E-05    -0.4998747481854381     0.4998747481854381    -0.0124989073490780     0.0124989073490780     0.0100193441911414    -0.0100193441911414    -0.4998688896467612     0.4998688896467612
     2600       0.0260000  1.00E-05    -0.4998645285210228     0.4998645285210228    -0.0129987709252137     0.0129987709252138     0.0104199820265930    -0.0104199820265931    -0.4998581927534028     0.4998581927534028
     2700       0.0270000  1.00E-05    -0.4998539082267149     0.4998539082267149    -0.0134986235948473     0.0134986235948474     0.0108206038737373    -0.0108206038737374    -0.4998470766476082     0.4998470766476082
     2800       0.0280000  1.00E-05    -0.4998428873188098     0.4998428873188098    -0.0139984649387820     0.0139984649387820     0.0112212091183538    -0.0112212091183539    -0.4998355413609322     0.4998355413609322
     2900       0.0290000  1.00E-05    -0.4998314658142171     0.4998314658142171    -0.0144982945378531     0.0144982945378531     0.0116217971463027    -0.0116217971463028    -0.4998235869261180     0.4998235869261180
     3000       0.0300000  1.00E-05    -0.4998196437304608     0.4998196437304608    -0.0149981119729294     0.0149981119729295     0.0120223673435282    -0.0120223673435283    -0.4998112133770972     0.4998112133770972
     3100       0.0310000  1.00E-05    -0.4998074210856788     0.4998074210856788    -0.0154979168249143     0.0154979168249143     0.0124229190960611    -0.0124229190960611    -0.4997984207489896     0.4997984207489896
     3200       0.0320000  1.00E-05    -0.4997947978986222     0.4997947978986222    -0.0159977086747465     0.0159977086747465     0.0128234517900220    -0.0128234517900221    -0.4997852090781021     0.4997852090781021
     3300       0.0330000  1.00E-05    -0.4997817741886570     0.4997817741886570    -0.0164974871034020     0.0164974871034021     0.0132239648116245    -0.0132239648116246    -0.4997715784019303     0.4997715784019303
     3400       0.0340000  1.00E-05    -0.4997683499757615     0.4997683499757615    -0.0169972516918948     0.0169972516918949     0.0136244575471777    -0.0136244575471777    -0.4997575287591551     0.4997575287591551
     3500       0.0350000  1.00E-05    -0.4997545252805290     0.4997545252805290    -0.0174970020212781     0.0174970020212781     0.0140249293830894    -0.0140249293830895    -0.4997430601896464     0.4997430601896464
     3600       0.0360000  1.00E-05    -0.4997403001241659     0.4997403001241659    -0.0179967376726455     0.0179967376726456     0.0144253797058694    -0.0144253797058694    -0.4997281727344601     0.4997281727344601
     3700       0.0370000  1.00E-05    -0.4997256745284927     0.4997256745284927    -0.0184964582271325     0.0184964582271325     0.0148258079021317    -0.0148258079021318    -0.4997128664358373     0.4997128664358373
     3800       0.0380000  1.00E-05    -0.4997106485159418     0.4997106485159418    -0.0189961632659172     0.0189961632659172     0.0152262133585985    -0.0152262133585986    -0.4996971413372056     0.4996971413372056
     3900       0.0390000  1.00E-05    -0.4996952221095602     0.4996952221095602    -0.0194958523702217     0.0194958523702218     0.0156265954621022    -0.0156265954621023    -0.4996809974831786     0.4996809974831786
     4000       0.0400000  1.00E-05    -0.4996793953330069     0.4996793953330069    -0.0199955251213136     0.0199955251213137     0.0160269535995891    -0.0160269535995891    -0.4996644349195561     0.4996644349195561
     4100       0.0410000  1.00E-05    -0.4996631682105542     0.4996631682105542    -0.0204951811005067     0.0204951811005067     0.0164272871581218    -0.0164272871581219    -0.4996474536933203     0.4996474536933203
     4200       0.0420000  1.00E-05    -0.4996465407670878     0.4996465407670878    -0.0209948198891622     0.0209948198891622     0.0168275955248827    -0.0168275955248828    -0.4996300538526404     0.4996300538526404
     4300       0.0430000  1.00E-05    -0.4996295130281062     0.4996295130281062    -0.0214944410686902     0.0214944410686903     0.0172278780871767    -0.0172278780871767    -0.4996122354468682     0.4996122354468682
     4400       0.0440000  1.00E-05    -0.4996120850197187     0.4996120850197187    -0.0219940442205510     0.0219940442205511     0.0176281342324340    -0.0176281342324341    -0.4995939985265407     0.4995939985265407
     4500       0.0450000  1.00E-05    -0.4995942567686505     0.4995942567686505    -0.0224936289262557     0.0224936289262558     0.0180283633482135    -0.0180283633482135    -0.4995753431433771     0.4995753431433771
     4600       0.0460000  1.00E-05    -0.4995760283022360     0.4995760283022360    -0.0229931947673678     0.0229931947673678     0.0184285648222053    -0.0184285648222054    -0.4995562693502810     0.4995562693502810
