#----it-----------t-----------dt--------------xq1--------------------xq2--------------------yq1--------------------yq2-------------------vxq1-------------------vxq2-------------------vyq1-------------------vyq2----------
        0       0.0000000  1.00E-05    -0.5000000000000000     0.5000000000000000     0.0000000000000001     0.0000000000000000    -0.0000000000000001     0.0000000000000000    -0.5000000000000000     0.5000000000000000
       10       0.0001000  1.00E-05    -0.4999999975050023     0.4999999975050023    -0.0000499999999168     0.0000499999999168     0.0000498999499164    -0.0000498999499165    -0.4999999975049925     0.4999999975049925
       20       0.0002000  1.00E-05    -0.4999999900200097     0.4999999900200097    -0.0000999999993346     0.0000999999993347     0.0000997998993319    -0.0000997998993320    -0.4999999900199701     0.4999999900199701
       30       0.0003000  1.00E-05    -0.4999999775450224     0.4999999775450224    -0.0001499999977544     0.0001499999977545     0.0001496998477454    -0.0001496998477455    -0.4999999775449326     0.4999999775449326
       40       0.0004000  1.00E-05    -0.4999999600800404     0.4999999600800404    -0.0001999999946773     0.0001999999946773     0.0001995997946559    -0.0001995997946560    -0.4999999600798804     0.4999999600798804
       50       0.0005000  1.00E-05    -0.4999999376250636     0.4999999376250636    -0.0002499999896041     0.0002499999896041     0.0002494997395624    -0.0002494997395624    -0.4999999376248137     0.4999999376248137
       60       0.0006000  1.00E-05    -0.4999999101800926     0.4999999101800926    -0.0002999999820359     0.0002999999820359     0.0002993996819638    -0.0002993996819639    -0.4999999101797326     0.4999999101797326
       70       0.0007000  1.00E-05    -0.4999998777451274     0.4999998777451274    -0.0003499999714737     0.0003499999714737     0.0003492996213593    -0.0003492996213594    -0.4999998777446373     0.4999998777446373
       80       0.0008000  1.00E-05    -0.4999998403201685     0.4999998403201685    -0.0003999999574185     0.0003999999574185     0.0003991995572477    -0.0003991995572478    -0.4999998403195283     0.4999998403195283
       90       0.0009000  1.00E-05    -0.4999997979052161     0.4999997979052161    -0.0004499999393713     0.0004499999393713     0.0004490994891281    -0.0004490994891282    -0.4999997979044060     0.4999997979044060
      100       0.0010000  1.00E-05    -0.4999997505002710     0.4999997505002710    -0.0004999999168330     0.0004999999168331     0.0004989994164995    -0.0004989994164996    -0.4999997504992706     0.4999997504992706
      110       0.0011000  1.00E-05    -0.4999996981053330     0.4999996981053330    -0.0005499998893048     0.0005499998893048     0.0005488993388609    -0.0005488993388610    -0.4999996981041228     0.4999996981041228
      120       0.0012000  1.00E-05    -0.4999996407204030     0.4999996407204030    -0.0005999998562875     0.0005999998562876     0.0005987992557112    -0.0005987992557113    -0.4999996407189630     0.4999996407189630
      130       0.0013000  1.00E-05    -0.4999995783454818     0.4999995783454818    -0.0006499998172822     0.0006499998172823     0.0006486991665495    -0.0006486991665496    -0.4999995783437919     0.4999995783437919
      140       0.0014000  1.00E-05    -0.4999995109805698     0.4999995109805698    -0.0006999997717899     0.0006999997717900     0.0006985990708748    -0.0006985990708749    -0.4999995109786102     0.4999995109786102
      150       0.0015000  1.00E-05    -0.4999994386256678     0.4999994386256678    -0.0007499997193116     0.0007499997193117     0.0007484989681861    -0.0007484989681861    -0.4999994386234184     0.4999994386234184
      160       0.0016000  1.00E-05    -0.4999993612807764     0.4999993612807764    -0.0007999996593483     0.0007999996593484     0.0007983988579823    -0.0007983988579823    -0.4999993612782173     0.4999993612782173
      170       0.0017000  1.00E-05    -0.4999992789458965     0.4999992789458965    -0.0008499995914009     0.0008499995914010     0.0008482987397625    -0.0008482987397625    -0.4999992789430076     0.4999992789430076
      180       0.0018000  1.00E-05    -0.4999991916210287     0.4999991916210287    -0.0008999995149706     0.0008999995149706     0.0008981986130256    -0.0008981986130257    -0.4999991916177904     0.4999991916177904
      190       0.0019000  1.00E-05    -0.4999990993061743     0.4999990993061743    -0.0009499994295582     0.0009499994295582     0.0009480984772707    -0.0009480984772708    -0.4999990993025663     0.4999990993025663
      200       0.0020000  1.00E-05    -0.4999990020013337     0.4999990020013337    -0.0009999993346647     0.0009999993346648     0.0009979983319967    -0.0009979983319968    -0.4999990019973362     0.4999990019973362
      210       0.0021000  1.00E-05    -0.4999988997065082     0.4999988997065082    -0.0010499992297913     0.0010499992297914     0.0010478981767028    -0.0010478981767028    -0.4999988997021013     0.4999988997021013
      220       0.0022000  1.00E-05    -0.4999987924216986     0.4999987924216986    -0.0010999991144388     0.0010999991144389     0.0010977980108877    -0.0010977980108878    -0.4999987924168626     0.4999987924168626
      230       0.0023000  1.00E-05    -0.4999986801469064     0.4999986801469064    -0.0011499989881083     0.0011499989881084     0.0011476978340507    -0.0011476978340507    -0.4999986801416212     0.4999986801416212
      240       0.0024000  1.00E-05    -0.4999985628821324     0.4999985628821324    -0.0011999988503008     0.0011999988503009     0.0011975976456905    -0.0011975976456906    -0.4999985628763783     0.4999985628763783
      250       0.0025000  1.00E-05    -0.4999984406273777     0.4999984406273777    -0.0012499987005173     0.0012499987005173     0.0012474974453064    -0.0012474974453064    -0.4999984406211349     0.4999984406211349
      260       0.0026000  1.00E-05    -0.4999983133826438     0.4999983133826438    -0.0012999985382587     0.0012999985382588     0.0012973972323971    -0.0012973972323972    -0.4999983133758923     0.4999983133758923
      270       0.0027000  1.00E-05    -0.4999981811479318     0.4999981811479318    -0.0013499983630261     0.0013499983630262     0.0013472970064619    -0.0013472970064619    -0.4999981811406518     0.4999981811406518
      280       0.0028000  1.00E-05    -0.4999980439232430     0.4999980439232430    -0.0013999981743205     0.0013999981743206     0.0013971967669995    -0.0013971967669996    -0.4999980439154149     0.4999980439154149
      290       0.0029000  1.00E-05    -0.4999979017085789     0.4999979017085789    -0.0014499979716429     0.0014499979716429     0.0014470965135092    -0.0014470965135092    -0.4999979017001828     0.4999979017001828
      300       0.0030000  1.00E-05    -0.4999977545039408     0.4999977545039408    -0.0014999977544942     0.0014999977544943     0.0014969962454898    -0.0014969962454898    -0.4999977544949570     0.4999977544949570
      310       0.0031000  1.00E-05    -0.4999976023093303     0.4999976023093303    -0.0015499975223755     0.0015499975223756     0.0015468959624403    -0.0015468959624403    -0.4999976022997390     0.4999976022997390
      320       0.0032000  1.00E-05    -0.4999974451247489     0.4999974451247489    -0.0015999972747878     0.0015999972747879     0.0015967956638598    -0.0015967956638598    -0.4999974451145303     0.4999974451145303
      330       0.0033000  1.00E-05    -0.4999972829501981     0.4999972829501981    -0.0016499970112321     0.0016499970112322     0.0016466953492472    -0.0016466953492472    -0.4999972829393326     0.4999972829393326
      340       0.0034000  1.00E-05    -0.4999971157856795     0.4999971157856795    -0.0016999967312094     0.0016999967312094     0.0016965950181015    -0.0016965950181016    -0.4999971157741476     0.4999971157741476
      350       0.0035000  1.00E-05    -0.4999969436311951     0.4999969436311951    -0.0017499964342206     0.0017499964342207     0.0017464946699219    -0.0017464946699219    -0.4999969436189770     0.4999969436189770
      360       0.0036000  1.00E-05    -0.4999967664867464     0.4999967664867464    -0.0017999961197668     0.0017999961197669     0.0017963943042071    -0.0017963943042072    -0.4999967664738223     0.4999967664738223
      370       0.0037000  1.00E-05    -0.4999965843523350     0.4999965843523350    -0.0018499957873490     0.0018499957873491     0.0018462939204564    -0.0018462939204564    -0.4999965843386854     0.4999965843386854
      380       0.0038000  1.00E-05    -0.4999963972279629     0.4999963972279629    -0.0018999954364682     0.0018999954364683     0.0018961935181685    -0.0018961935181686    -0.4999963972135681     0.4999963972135681
      390       0.0039000  1.00E-05    -0.4999962051136319     0.4999962051136319    -0.0019499950666254     0.0019499950666255     0.0019460930968427    -0.0019460930968427    -0.4999962050984725     0.4999962050984725
      400       0.0040000  1.00E-05    -0.4999960080093440     0.4999960080093440    -0.0019999946773216     0.0019999946773217     0.0019959926559777    -0.0019959926559778    -0.4999960079934004     0.4999960079934004
      410       0.0041000  1.00E-05    -0.4999958059151012     0.4999958059151012    -0.0020499942680578     0.0020499942680578     0.0020458921950728    -0.0020458921950728    -0.4999958058983539     0.4999958058983539
      420       0.0042000  1.00E-05    -0.4999955988309056     0.4999955988309056    -0.0020999938383349     0.0020999938383350     0.0020957917136268    -0.0020957917136268    -0.4999955988133349     0.4999955988133349
      430       0.0043000  1.00E-05    -0.4999953867567592     0.4999953867567592    -0.0021499933876541     0.0021499933876542     0.0021456912111387    -0.0021456912111388    -0.4999953867383458     0.4999953867383458
      440       0.0044000  1.00E-05    -0.4999951696926641     0.4999951696926641    -0.0021999929155163     0.0021999929155163     0.0021955906871076    -0.0021955906871077    -0.4999951696733885     0.4999951696733885
      450       0.0045000  1.00E-05    -0.4999949476386225     0.4999949476386225    -0.0022499924214224     0.0022499924214225     0.0022454901410325    -0.0022454901410326    -0.4999949476184653     0.4999949476184653
      460       0.0046000  1.00E-05    -0.4999947205946367     0.4999947205946367    -0.0022999919048736     0.0022999919048737     0.0022953895724124    -0.0022953895724124    -0.4999947205735784     0.4999947205735784
      470       0.0047000  1.00E-05    -0.4999944885607089     0.4999944885607089    -0.0023499913653708     0.0023499913653709     0.0023452889807462    -0.0023452889807462    -0.4999944885387301     0.4999944885387301
      480       0.0048000  1.00E-05    -0.4999942515368413     0.4999942515368413    -0.0023999908024150     0.0023999908024151     0.0023951883655330    -0.0023951883655330    -0.4999942515139227     0.4999942515139227
      490       0.0049000  1.00E-05    -0.4999940095230366     0.4999940095230366    -0.0024499902155073     0.0024499902155073     0.0024450877262717    -0.0024450877262718    -0.4999940094991589     0.4999940094991589
      500       0.0050000  1.00E-05    -0.4999937625192971     0.4999937625192971    -0.0024999896041485     0.0024999896041486     0.0024949870624615    -0.0024949870624615    -0.4999937624944409     0.4999937624944409
      510       0.0051000  1.00E-05    -0.4999935105256250     0.4999935105256250    -0.0025499889678398     0.0025499889678399     0.0025448863736012    -0.0025448863736013    -0.4999935104997713     0.4999935104997713
      520       0.0052000  1.00E-05    -0.4999932535420230     0.4999932535420230    -0.0025999883060822     0.0025999883060822     0.0025947856591899    -0.0025947856591900    -0.4999932535151525     0.4999932535151525
      530       0.0053000  1.00E-05    -0.4999929915684938     0.4999929915684938    -0.0026499876183765     0.0026499876183766     0.0026446849187266    -0.0026446849187267    -0.4999929915405873     0.4999929915405873
      540       0.0054000  1.00E-05    -0.4999927246050400     0.4999927246050400    -0.0026999869042239     0.0026999869042240     0.0026945841517103    -0.0026945841517104    -0.4999927245760781     0.4999927245760781
      550       0.0055000  1.00E-05    -0.4999924526516642     0.4999924526516642    -0.0027499861631254     0.0027499861631255     0.0027444833576400    -0.0027444833576401    -0.4999924526216281     0.4999924526216281
      560       0.0056000  1.00E-05    -0.4999921757083692     0.4999921757083692    -0.0027999853945819     0.0027999853945820     0.0027943825360147    -0.0027943825360148    -0.4999921756772397     0.4999921756772397
      570       0.0057000  1.00E-05    -0.4999918937751580     0.4999918937751580    -0.0028499845980945     0.0028499845980946     0.0028442816863335    -0.0028442816863335    -0.4999918937429157     0.4999918937429157
      580       0.0058000  1.00E-05    -0.4999916068520330     0.4999916068520330    -0.0028999837731642     0.0028999837731643     0.0028941808080952    -0.0028941808080953    -0.4999916068186593     0.4999916068186593
      590       0.0059000  1.00E-05    -0.4999913149389975     0.4999913149389975    -0.0029499829192919     0.0029499829192920     0.0029440799007990    -0.0029440799007990    -0.4999913149044731     0.4999913149044731
      600       0.0060000  1.00E-05    -0.4999910180360540     0.4999910180360540    -0.0029999820359788     0.0029999820359788     0.0029939789639438    -0.0029939789639438    -0.4999910180003601     0.4999910180003601
      610       0.0061000  1.00E-05    -0.4999907161432057     0.4999907161432057    -0.0030499811227257     0.0030499811227257     0.0030438779970286    -0.0030438779970287    -0.4999907161063233     0.4999907161063233
      620       0.0062000  1.00E-05    -0.4999904092604556     0.4999904092604556    -0.0030999801790337     0.0030999801790338     0.0030937769995525    -0.0030937769995526    -0.4999904092223660     0.4999904092223660
      630       0.0063000  1.00E-05    -0.4999900973878069     0.4999900973878069    -0.0031499792044038     0.0031499792044039     0.0031436759710144    -0.0031436759710145    -0.4999900973484909     0.4999900973484909
      640       0.0064000  1.00E-05    -0.4999897805252625     0.4999897805252625    -0.0031999781983371     0.0031999781983371     0.0031935749109134    -0.0031935749109135    -0.4999897804847016     0.4999897804847016
      650       0.0065000  1.00E-05    -0.4999894586728260     0.4999894586728260    -0.0032499771603344     0.0032499771603345     0.0032434738187485    -0.0032434738187485    -0.4999894586310010     0.4999894586310010
      660       0.0066000  1.00E-05    -0.4999891318305002     0.4999891318305002    -0.0032999760898969     0.0032999760898970     0.0032933726940186    -0.0032933726940187    -0.4999891317873925     0.4999891317873925
      670       0.0067000  1.00E-05    -0.4999887999982884     0.4999887999982884    -0.0033499749865256     0.0033499749865256     0.0033432715362228    -0.0033432715362229    -0.4999887999538795     0.4999887999538795
      680       0.0068000  1.00E-05    -0.4999884631761939     0.4999884631761939    -0.0033999738497214     0.0033999738497214     0.0033931703448602    -0.0033931703448602    -0.4999884631304652     0.4999884631304652
      690       0.0069000  1.00E-05    -0.4999881213642204     0.4999881213642204    -0.0034499726789853     0.0034499726789854     0.0034430691194296    -0.0034430691194296    -0.4999881213171533     0.4999881213171533
      700       0.0070000  1.00E-05    -0.4999877745623712     0.4999877745623712    -0.0034999714738185     0.0034999714738185     0.0034929678594301    -0.0034929678594302    -0.4999877745139469     0.4999877745139469
      710       0.0071000  1.00E-05    -0.4999874227706498     0.4999874227706498    -0.0035499702337218     0.0035499702337219     0.0035428665643608    -0.0035428665643608    -0.4999874227208497     0.4999874227208497
      720       0.0072000  1.00E-05    -0.4999870659890596     0.4999870659890596    -0.0035999689581963     0.0035999689581964     0.0035927652337206    -0.0035927652337206    -0.4999870659378653     0.4999870659378653
      730       0.0073000  1.00E-05    -0.4999867042176044     0.4999867042176044    -0.0036499676467430     0.0036499676467431     0.0036426638670085    -0.0036426638670086    -0.4999867041649974     0.4999867041649974
      740       0.0074000  1.00E-05    -0.4999863374562876     0.4999863374562876    -0.0036999662988630     0.0036999662988630     0.0036925624637236    -0.0036925624637236    -0.4999863374022494     0.4999863374022494
      750       0.0075000  1.00E-05    -0.4999859657051129     0.4999859657051129    -0.0037499649140572     0.0037499649140572     0.0037424610233648    -0.0037424610233649    -0.4999859656496254     0.4999859656496254
      760       0.0076000  1.00E-05    -0.4999855889640841     0.4999855889640841    -0.0037999634918266     0.0037999634918266     0.0037923595454313    -0.0037923595454313    -0.4999855889071289     0.4999855889071289
      770       0.0077000  1.00E-05    -0.4999852072332048     0.4999852072332048    -0.0038499620316723     0.0038499620316723     0.0038422580294219    -0.0038422580294220    -0.4999852071747639     0.4999852071747639
      780       0.0078000  1.00E-05    -0.4999848205124793     0.4999848205124793    -0.0038999605330952     0.0038999605330953     0.0038921564748357    -0.0038921564748358    -0.4999848204525341     0.4999848204525341
      790       0.0079000  1.00E-05    -0.4999844288019111     0.4999844288019111    -0.0039499589955964     0.0039499589955965     0.0039420548811718    -0.0039420548811718    -0.4999844287404435     0.4999844287404435
      800       0.0080000  1.00E-05    -0.4999840321015042     0.4999840321015042    -0.0039999574186770     0.0039999574186770     0.0039919532479291    -0.0039919532479291    -0.4999840320384961     0.4999840320384961
      810       0.0081000  1.00E-05    -0.4999836304112626     0.4999836304112626    -0.0040499558018378     0.0040499558018379     0.0040418515746066    -0.0040418515746066    -0.4999836303466960     0.4999836303466960
      820       0.0082000  1.00E-05    -0.4999832237311905     0.4999832237311905    -0.0040999541445800     0.0040999541445800     0.0040917498607034    -0.0040917498607034    -0.4999832236650472     0.4999832236650472
      830       0.0083000  1.00E-05    -0.4999828120612920     0.4999828120612920    -0.0041499524464045     0.0041499524464046     0.0041416481057184    -0.0041416481057185    -0.4999828119935539     0.4999828119935539
      840       0.0084000  1.00E-05    -0.4999823954015710     0.4999823954015710    -0.0041999507068124     0.0041999507068124     0.0041915463091508    -0.0041915463091508    -0.4999823953322202     0.4999823953322202
      850       0.0085000  1.00E-05    -0.4999819737520316     0.4999819737520316    -0.0042499489253046     0.0042499489253047     0.0042414444704994    -0.0042414444704995    -0.4999819736810502     0.4999819736810502
      860       0.0086000  1.00E-05    -0.4999815471126783     0.4999815471126783    -0.0042999471013823     0.0042999471013823     0.0042913425892634    -0.0042913425892635    -0.4999815470400487     0.4999815470400487
      870       0.0087000  1.00E-05    -0.4999811154835152     0.4999811154835152    -0.0043499452345463     0.0043499452345464     0.0043412406649417    -0.0043412406649418    -0.4999811154092194     0.4999811154092194
      880       0.0088000  1.00E-05    -0.4999806788645468     0.4999806788645468    -0.0043999433242978     0.0043999433242978     0.0043911386970334    -0.0043911386970334    -0.4999806787885671     0.4999806787885671
      890       0.0089000  1.00E-05    -0.4999802372557773     0.4999802372557773    -0.0044499413701377     0.0044499413701378     0.0044410366850374    -0.0044410366850375    -0.4999802371780960     0.4999802371780960
      900       0.0090000  1.00E-05    -0.4999797906572112     0.4999797906572112    -0.0044999393715671     0.0044999393715671     0.0044909346284528    -0.0044909346284529    -0.4999797905778108     0.4999797905778108
      910       0.0091000  1.00E-05    -0.4999793390688531     0.4999793390688531    -0.0045499373280869     0.0045499373280870     0.0045408325267787    -0.0045408325267787    -0.4999793389877158     0.4999793389877158
      920       0.0092000  1.00E-05    -0.4999788824907073     0.4999788824907073    -0.0045999352391983     0.0045999352391983     0.0045907303795139    -0.0045907303795140    -0.4999788824078158     0.4999788824078158
      930       0.0093000  1.00E-05    -0.4999784209227786     0.4999784209227786    -0.0046499331044022     0.0046499331044022     0.0046406281861576    -0.0046406281861577    -0.4999784208381152     0.4999784208381152
      940       0.0094000  1.00E-05    -0.4999779543650716     0.4999779543650716    -0.0046999309231996     0.0046999309231996     0.0046905259462088    -0.0046905259462089    -0.4999779542786191     0.4999779542786191
      950       0.0095000  1.00E-05    -0.4999774828175910     0.4999774828175910    -0.0047499286950916     0.0047499286950916     0.0047404236591665    -0.0047404236591665    -0.4999774827293319     0.4999774827293319
      960       0.0096000  1.00E-05    -0.4999770062803414     0.4999770062803414    -0.0047999264195791     0.0047999264195792     0.0047903213245296    -0.0047903213245297    -0.4999770061902584     0.4999770061902584
      970       0.0097000  1.00E-05    -0.4999765247533276     0.4999765247533276    -0.0048499240961633     0.0048499240961633     0.0048402189417973    -0.0048402189417974    -0.4999765246614037     0.4999765246614037
      980       0.0098000  1.00E-05    -0.4999760382365547     0.4999760382365547    -0.0048999217243451     0.0048999217243451     0.0048901165104686    -0.0048901165104686    -0.4999760381427723     0.4999760381427723
      990       0.0099000  1.00E-05    -0.4999755467300273     0.4999755467300273    -0.0049499193036255     0.0049499193036256     0.0049400140300424    -0.0049400140300425    -0.4999755466343694     0.4999755466343694
     1000       0.0100000  1.00E-05    -0.4999750502337504     0.4999750502337504    -0.0049999168335056     0.0049999168335057     0.0049899115000178    -0.0049899115000179    -0.4999750501362001     0.4999750501362001
     1010       0.0101000  1.00E-05    -0.4999745487477293     0.4999745487477293    -0.0050499143134864     0.0050499143134865     0.0050398089198939    -0.0050398089198939    -0.4999745486482692     0.4999745486482692
     1020       0.0102000  1.00E-05    -0.4999740422719684     0.4999740422719684    -0.0050999117430690     0.0050999117430690     0.0050897062891695    -0.0050897062891696    -0.4999740421705820     0.4999740421705820
     1030       0.0103000  1.00E-05    -0.4999735308064731     0.4999735308064731    -0.0051499091217542     0.0051499091217543     0.0051396036073439    -0.0051396036073439    -0.4999735307031434     0.4999735307031434
     1040       0.0104000  1.00E-05    -0.4999730143512485     0.4999730143512485    -0.0051999064490433     0.0051999064490433     0.0051895008739159    -0.0051895008739160    -0.4999730142459587     0.4999730142459587
     1050       0.0105000  1.00E-05    -0.4999724929062999     0.4999724929062999    -0.0052499037244371     0.0052499037244371     0.0052393980883847    -0.0052393980883847    -0.4999724927990332     0.4999724927990332
     1060       0.0106000  1.00E-05    -0.4999719664716325     0.4999719664716325    -0.0052999009474367     0.0052999009474368     0.0052892952502492    -0.0052892952502492    -0.4999719663623722     0.4999719663623722
     1070       0.0107000  1.00E-05    -0.4999714350472517     0.4999714350472517    -0.0053498981175432     0.0053498981175433     0.0053391923590084    -0.0053391923590085    -0.4999714349359812     0.4999714349359812
     1080       0.0108000  1.00E-05    -0.4999708986331625     0.4999708986331625    -0.0053998952342576     0.0053998952342577     0.0053890894141615    -0.0053890894141615    -0.4999708985198653     0.4999708985198653
     1090       0.0109000  1.00E-05    -0.4999703572293706     0.4999703572293706    -0.0054498922970809     0.0054498922970809     0.0054389864152074    -0.0054389864152074    -0.4999703571140299     0.4999703571140299
     1100       0.0110000  1.00E-05    -0.4999698108358812     0.4999698108358812    -0.0054998893055141     0.0054998893055142     0.0054888833616451    -0.0054888833616452    -0.4999698107184810     0.4999698107184810
     1110       0.0111000  1.00E-05    -0.4999692594527001     0.4999692594527001    -0.0055498862590583     0.0055498862590583     0.0055387802529737    -0.0055387802529738    -0.4999692593332236     0.4999692593332236
     1120       0.0112000  1.00E-05    -0.4999687030798326     0.4999687030798326    -0.0055998831572144     0.0055998831572145     0.0055886770886923    -0.0055886770886923    -0.4999687029582636     0.4999687029582636
     1130       0.0113000  1.00E-05    -0.4999681417172842     0.4999681417172842    -0.0056498799994836     0.0056498799994837     0.0056385738682997    -0.0056385738682998    -0.4999681415936065     0.4999681415936065
     1140       0.0114000  1.00E-05    -0.4999675753650607     0.4999675753650607    -0.0056998767853668     0.0056998767853669     0.0056884705912952    -0.0056884705912952    -0.4999675752392582     0.4999675752392582
     1150       0.0115000  1.00E-05    -0.4999670040231678     0.4999670040231678    -0.0057498735143651     0.0057498735143652     0.0057383672571776    -0.0057383672571777    -0.4999670038952243     0.4999670038952243
     1160       0.0116000  1.00E-05    -0.4999664276916110     0.4999664276916110    -0.0057998701859795     0.0057998701859796     0.0057882638654461    -0.0057882638654461    -0.4999664275615106     0.4999664275615106
